Version: 1
Nr of dynamic meshes: 0
Nr of static meshes: 3
Nr of bounding boxes: 3

Name of mesh: Rectangle                                                                                           $
Vertex count: 36

Vertex index array: 
1 3 0 7 5 4 4 1 0 5 2 1 2 7 3 0 7 4 1 2 
3 7 6 5 4 5 1 5 6 2 2 6 7 0 3 7 0 0 0 0 
0 0 0 0 0 0 0 0 0 0 0 0 0 0 0 0 0 0 0 0 
0 0 0 0 0 0 0 0 0 0 0 0 0 0 0 0 0 0 0 0 
0 0 0 0 0 0 0 0 0 0 0 0 0 0 0 0 0 0 0 0 

UV index array: 
0 1 2 3 4 5 6 7 2 8 9 10 11 12 1 13 14 5 0 15 
1 3 16 4 6 17 7 8 16 9 11 18 12 13 19 14 0 0 0 0 
0 0 0 0 0 0 0 0 0 0 0 0 0 0 0 0 0 0 0 0 
0 0 0 0 0 0 0 0 0 0 0 0 0 0 0 0 0 0 0 0 
0 0 0 0 0 0 0 0 0 0 0 0 0 0 0 0 0 0 0 0 

Collision: 0
Static mesh: 1


Name of mesh: Box                                                                                                 $
Vertex count: 36

Vertex index array: 
1 3 0 7 5 4 4 1 0 5 2 1 2 7 3 0 7 4 1 2 
3 7 6 5 4 5 1 5 6 2 2 6 7 0 3 7 0 0 0 0 
0 0 0 0 0 0 0 0 0 0 0 0 0 0 0 0 0 0 0 0 
0 0 0 0 0 0 0 0 0 0 0 0 0 0 0 0 0 0 0 0 
0 0 0 0 0 0 0 0 0 0 0 0 0 0 0 0 0 0 0 0 

UV index array: 
0 1 2 3 4 5 6 7 2 8 9 10 11 12 1 13 14 5 0 15 
1 3 16 4 6 17 7 8 16 9 11 18 12 13 19 14 0 0 0 0 
0 0 0 0 0 0 0 0 0 0 0 0 0 0 0 0 0 0 0 0 
0 0 0 0 0 0 0 0 0 0 0 0 0 0 0 0 0 0 0 0 
0 0 0 0 0 0 0 0 0 0 0 0 0 0 0 0 0 0 0 0 

Collision: 0
Static mesh: 1


Name of mesh: StandingRectangle                                                                                   $
Vertex count: 36

Vertex index array: 
1 3 0 7 5 4 4 1 0 5 2 1 2 7 3 0 7 4 1 2 
3 7 6 5 4 5 1 5 6 2 2 6 7 0 3 7 0 0 0 0 
0 0 0 0 0 0 0 0 0 0 0 0 0 0 0 0 0 0 0 0 
0 0 0 0 0 0 0 0 0 0 0 0 0 0 0 0 0 0 0 0 
0 0 0 0 0 0 0 0 0 0 0 0 0 0 0 0 0 0 0 0 

UV index array: 
0 1 2 3 4 5 6 7 2 8 9 10 11 12 1 13 14 5 0 15 
1 3 16 4 6 17 7 8 16 9 11 18 12 13 19 14 0 0 0 0 
0 0 0 0 0 0 0 0 0 0 0 0 0 0 0 0 0 0 0 0 
0 0 0 0 0 0 0 0 0 0 0 0 0 0 0 0 0 0 0 0 
0 0 0 0 0 0 0 0 0 0 0 0 0 0 0 0 0 0 0 0 

Collision: 0
Static mesh: 1


