Version: 3
Nr of dynamic meshes: 0
Nr of static meshes: 1
Nr of bounding boxes: 5
Nr of materials: 1

Name of mesh: room                                                                                                
Vertex count: 180
Material ID: 48
Collision: 0
Static mesh: 1



Position: 40.158676 7.027764 25.099173 
UV: 0.001992 0.001875 
normal: 0.000000 1.000000 0.000000 

Position: 36.544395 7.027765 21.083305 
UV: 0.032598 0.029420 
normal: 0.000000 1.000000 0.000000 

Position: -36.544395 7.027765 21.083305 
UV: 0.032598 0.586442 
normal: 0.000000 1.000000 0.000000 

Position: -36.544395 7.027765 21.083305 
UV: 0.032598 0.586442 
normal: 0.000000 1.000000 0.000000 

Position: -40.158676 7.027764 25.099173 
UV: 0.001992 0.613987 
normal: 0.000000 1.000000 0.000000 

Position: 40.158676 7.027764 25.099173 
UV: 0.001992 0.001875 
normal: 0.000000 1.000000 0.000000 

Position: 40.158676 -0.000004 25.099173 
UV: 0.391977 0.001875 
normal: 0.000000 -0.000000 1.000000 

Position: 40.158676 5.973598 25.099173 
UV: 0.437503 0.001875 
normal: 0.000000 -0.000000 1.000000 

Position: -40.158676 5.973598 25.099173 
UV: 0.437503 0.613987 
normal: 0.000000 -0.000000 1.000000 

Position: -40.158676 5.973598 25.099173 
UV: 0.437503 0.613987 
normal: 0.000000 -0.000000 1.000000 

Position: -40.158676 -0.000004 25.099173 
UV: 0.391977 0.613987 
normal: 0.000000 -0.000000 1.000000 

Position: 40.158676 -0.000004 25.099173 
UV: 0.391977 0.001875 
normal: 0.000000 -0.000000 1.000000 

Position: -35.138840 -0.000003 20.079338 
UV: 0.887711 0.537473 
normal: 0.000000 0.000000 -1.000000 

Position: -35.138840 5.973599 20.079338 
UV: 0.842185 0.537473 
normal: 0.000000 0.000000 -1.000000 

Position: 35.138840 5.973599 20.079338 
UV: 0.842185 0.001875 
normal: 0.000000 0.000000 -1.000000 

Position: 35.138840 5.973599 20.079338 
UV: 0.842185 0.001875 
normal: 0.000000 0.000000 -1.000000 

Position: 35.138840 -0.000003 20.079338 
UV: 0.887711 0.001875 
normal: 0.000000 0.000000 -1.000000 

Position: -35.138840 -0.000003 20.079338 
UV: 0.887711 0.537473 
normal: 0.000000 0.000000 -1.000000 

Position: 40.158676 0.000004 -25.099173 
UV: 0.894807 0.001875 
normal: 1.000000 0.000000 0.000000 

Position: 40.158676 5.973607 -25.099171 
UV: 0.940333 0.001875 
normal: 1.000000 0.000000 0.000000 

Position: 40.158676 5.973598 25.099173 
UV: 0.940333 0.384445 
normal: 1.000000 0.000000 0.000000 

Position: 40.158676 5.973598 25.099173 
UV: 0.940333 0.384445 
normal: 1.000000 0.000000 0.000000 

Position: 40.158676 -0.000004 25.099173 
UV: 0.894807 0.384445 
normal: 1.000000 0.000000 0.000000 

Position: 40.158676 0.000004 -25.099173 
UV: 0.894807 0.001875 
normal: 1.000000 0.000000 0.000000 

Position: 36.544395 7.027765 21.083305 
UV: 0.032598 0.029420 
normal: 0.000000 1.000000 0.000000 

Position: 40.158676 7.027764 25.099173 
UV: 0.001992 0.001875 
normal: 0.000000 1.000000 0.000000 

Position: 40.158676 7.027772 -25.099171 
UV: 0.384562 0.001875 
normal: 0.000000 1.000000 0.000000 

Position: 40.158676 7.027772 -25.099171 
UV: 0.384562 0.001875 
normal: 0.000000 1.000000 0.000000 

Position: 36.544395 7.027771 -21.083303 
UV: 0.353957 0.029420 
normal: 0.000000 1.000000 0.000000 

Position: 36.544395 7.027765 21.083305 
UV: 0.032598 0.029420 
normal: 0.000000 1.000000 0.000000 

Position: 36.544395 7.027771 -21.083303 
UV: 0.353957 0.029420 
normal: 0.000000 1.000000 0.000000 

Position: 40.158676 7.027772 -25.099171 
UV: 0.384562 0.001875 
normal: 0.000000 1.000000 0.000000 

Position: 6.074000 7.027772 -25.099171 
UV: 0.384562 0.261640 
normal: 0.000000 1.000000 0.000000 

Position: 6.074000 7.027772 -25.099171 
UV: 0.384562 0.261640 
normal: 0.000000 1.000000 0.000000 

Position: 6.074000 7.027771 -21.083303 
UV: 0.353957 0.261640 
normal: 0.000000 1.000000 0.000000 

Position: 36.544395 7.027771 -21.083303 
UV: 0.353957 0.029420 
normal: 0.000000 1.000000 0.000000 

Position: -36.544395 7.027771 -21.083303 
UV: 0.353957 0.586442 
normal: 0.000000 1.000000 0.000000 

Position: -6.074000 7.027771 -21.083303 
UV: 0.353957 0.354222 
normal: 0.000000 1.000000 0.000000 

Position: -6.074000 7.027772 -25.099171 
UV: 0.384562 0.354222 
normal: 0.000000 1.000000 0.000000 

Position: -6.074000 7.027772 -25.099171 
UV: 0.384562 0.354222 
normal: 0.000000 1.000000 0.000000 

Position: -40.158676 7.027772 -25.099171 
UV: 0.384562 0.613987 
normal: 0.000000 1.000000 0.000000 

Position: -36.544395 7.027771 -21.083303 
UV: 0.353957 0.586442 
normal: 0.000000 1.000000 0.000000 

Position: -40.158676 5.973607 -25.099171 
UV: 0.773397 0.885778 
normal: 0.000000 0.000000 -1.000000 

Position: -5.019835 5.973607 -25.099171 
UV: 0.773397 0.617979 
normal: 0.000000 0.000000 -1.000000 

Position: -5.019835 0.000004 -25.099173 
UV: 0.818923 0.617979 
normal: 0.000000 0.000000 -1.000000 

Position: -5.019835 0.000004 -25.099173 
UV: 0.818923 0.617979 
normal: 0.000000 0.000000 -1.000000 

Position: -40.158676 0.000004 -25.099173 
UV: 0.818923 0.885778 
normal: 0.000000 0.000000 -1.000000 

Position: -40.158676 5.973607 -25.099171 
UV: 0.773397 0.885778 
normal: 0.000000 0.000000 -1.000000 

Position: -5.019835 5.973607 -25.099171 
UV: 0.596210 0.663505 
normal: 1.000000 0.000000 0.000000 

Position: -5.019835 5.973606 -20.079336 
UV: 0.557953 0.663505 
normal: 1.000000 0.000000 0.000000 

Position: -5.019835 0.000003 -20.079338 
UV: 0.557953 0.617979 
normal: 1.000000 0.000000 0.000000 

Position: -5.019835 0.000003 -20.079338 
UV: 0.557953 0.617979 
normal: 1.000000 0.000000 0.000000 

Position: -5.019835 0.000004 -25.099173 
UV: 0.596210 0.617979 
normal: 1.000000 0.000000 0.000000 

Position: -5.019835 5.973607 -25.099171 
UV: 0.596210 0.663505 
normal: 1.000000 0.000000 0.000000 

Position: -5.019835 5.973606 -20.079336 
UV: 0.699532 0.617979 
normal: 0.000000 -0.000000 1.000000 

Position: -35.138840 5.973606 -20.079336 
UV: 0.699532 0.847521 
normal: 0.000000 -0.000000 1.000000 

Position: -35.138840 0.000003 -20.079338 
UV: 0.654006 0.847521 
normal: 0.000000 -0.000000 1.000000 

Position: -35.138840 0.000003 -20.079338 
UV: 0.654006 0.847521 
normal: 0.000000 -0.000000 1.000000 

Position: -5.019835 0.000003 -20.079338 
UV: 0.654006 0.617979 
normal: 0.000000 -0.000000 1.000000 

Position: -5.019835 5.973606 -20.079336 
UV: 0.699532 0.617979 
normal: 0.000000 -0.000000 1.000000 

Position: -35.138840 5.973606 -20.079336 
UV: 0.930279 0.549116 
normal: 1.000000 0.000000 0.000000 

Position: -35.138840 5.973599 20.079338 
UV: 0.930279 0.855172 
normal: 1.000000 0.000000 0.000000 

Position: -35.138840 -0.000003 20.079338 
UV: 0.884753 0.855172 
normal: 1.000000 0.000000 0.000000 

Position: -35.138840 -0.000003 20.079338 
UV: 0.884753 0.855172 
normal: 1.000000 0.000000 0.000000 

Position: -35.138840 0.000003 -20.079338 
UV: 0.884753 0.549116 
normal: 1.000000 0.000000 0.000000 

Position: -35.138840 5.973606 -20.079336 
UV: 0.930279 0.549116 
normal: 1.000000 0.000000 0.000000 

Position: 35.138840 5.973606 -20.079336 
UV: 0.647871 0.617979 
normal: 0.000000 -0.000000 1.000000 

Position: 5.019835 5.973606 -20.079336 
UV: 0.647871 0.847521 
normal: 0.000000 -0.000000 1.000000 

Position: 5.019835 0.000003 -20.079338 
UV: 0.602345 0.847521 
normal: 0.000000 -0.000000 1.000000 

Position: 5.019835 0.000003 -20.079338 
UV: 0.602345 0.847521 
normal: 0.000000 -0.000000 1.000000 

Position: 35.138840 0.000003 -20.079338 
UV: 0.602345 0.617979 
normal: 0.000000 -0.000000 1.000000 

Position: 35.138840 5.973606 -20.079336 
UV: 0.647871 0.617979 
normal: 0.000000 -0.000000 1.000000 

Position: 5.019835 5.973606 -20.079336 
UV: 0.551818 0.663505 
normal: -1.000000 0.000000 0.000000 

Position: 5.019835 5.973607 -25.099171 
UV: 0.513561 0.663505 
normal: -1.000000 0.000000 0.000000 

Position: 5.019835 0.000004 -25.099173 
UV: 0.513561 0.617979 
normal: -1.000000 0.000000 0.000000 

Position: 5.019835 0.000004 -25.099173 
UV: 0.513561 0.617979 
normal: -1.000000 0.000000 0.000000 

Position: 5.019835 0.000003 -20.079338 
UV: 0.551818 0.617979 
normal: -1.000000 0.000000 0.000000 

Position: 5.019835 5.973606 -20.079336 
UV: 0.551818 0.663505 
normal: -1.000000 0.000000 0.000000 

Position: 40.158676 7.027772 -25.099171 
UV: 0.705668 0.617979 
normal: 0.000000 0.000000 -1.000000 

Position: 40.158676 5.973607 -25.099171 
UV: 0.713702 0.617979 
normal: 0.000000 0.000000 -1.000000 

Position: 5.019835 5.973607 -25.099171 
UV: 0.713702 0.885778 
normal: 0.000000 0.000000 -1.000000 

Position: 5.019835 5.973607 -25.099171 
UV: 0.713702 0.885778 
normal: 0.000000 0.000000 -1.000000 

Position: 6.074000 7.027772 -25.099171 
UV: 0.705668 0.877744 
normal: 0.000000 0.000000 -1.000000 

Position: 40.158676 7.027772 -25.099171 
UV: 0.705668 0.617979 
normal: 0.000000 0.000000 -1.000000 

Position: -40.158676 7.027772 -25.099171 
UV: 0.384562 0.613987 
normal: 0.000000 1.000000 0.000000 

Position: -40.158676 7.027764 25.099173 
UV: 0.001992 0.613987 
normal: 0.000000 1.000000 0.000000 

Position: -36.544395 7.027765 21.083305 
UV: 0.032598 0.586442 
normal: 0.000000 1.000000 0.000000 

Position: -36.544395 7.027765 21.083305 
UV: 0.032598 0.586442 
normal: 0.000000 1.000000 0.000000 

Position: -36.544395 7.027771 -21.083303 
UV: 0.353957 0.586442 
normal: 0.000000 1.000000 0.000000 

Position: -40.158676 7.027772 -25.099171 
UV: 0.384562 0.613987 
normal: 0.000000 1.000000 0.000000 

Position: -40.158676 -0.000004 25.099173 
UV: 0.452395 0.613987 
normal: 0.000000 1.000000 0.000000 

Position: 40.158676 -0.000004 25.099173 
UV: 0.452395 0.001875 
normal: 0.000000 1.000000 0.000000 

Position: 40.158676 0.000004 -25.099173 
UV: 0.834965 0.001875 
normal: 0.000000 1.000000 0.000000 

Position: -40.158676 0.000004 -25.099173 
UV: 0.834965 0.613987 
normal: 0.000000 1.000000 0.000000 

Position: -40.158676 -0.000004 25.099173 
UV: 0.452395 0.613987 
normal: 0.000000 1.000000 0.000000 

Position: 40.158676 0.000004 -25.099173 
UV: 0.834965 0.001875 
normal: 0.000000 1.000000 0.000000 

Position: 35.138840 5.973599 20.079338 
UV: 0.870584 0.625630 
normal: -1.000000 0.000000 0.000000 

Position: 35.138840 5.973606 -20.079336 
UV: 0.870584 0.931686 
normal: -1.000000 0.000000 0.000000 

Position: 35.138840 0.000003 -20.079338 
UV: 0.825058 0.931686 
normal: -1.000000 0.000000 0.000000 

Position: 35.138840 0.000003 -20.079338 
UV: 0.825058 0.931686 
normal: -1.000000 0.000000 0.000000 

Position: 35.138840 -0.000003 20.079338 
UV: 0.825058 0.625630 
normal: -1.000000 0.000000 0.000000 

Position: 35.138840 5.973599 20.079338 
UV: 0.870584 0.625630 
normal: -1.000000 0.000000 0.000000 

Position: -40.158676 5.973598 25.099173 
UV: 0.989974 0.388437 
normal: -1.000000 0.000000 0.000000 

Position: -40.158676 5.973607 -25.099171 
UV: 0.989974 0.771007 
normal: -1.000000 0.000000 0.000000 

Position: -40.158676 0.000004 -25.099173 
UV: 0.944448 0.771007 
normal: -1.000000 0.000000 0.000000 

Position: -40.158676 0.000004 -25.099173 
UV: 0.944448 0.771007 
normal: -1.000000 0.000000 0.000000 

Position: -40.158676 -0.000004 25.099173 
UV: 0.944448 0.388437 
normal: -1.000000 0.000000 0.000000 

Position: -40.158676 5.973598 25.099173 
UV: 0.989974 0.388437 
normal: -1.000000 0.000000 0.000000 

Position: 40.158676 7.027764 25.099173 
UV: 0.445537 0.001875 
normal: 0.000000 -0.000000 1.000000 

Position: -40.158676 7.027764 25.099173 
UV: 0.445537 0.613987 
normal: 0.000000 -0.000000 1.000000 

Position: -40.158676 5.973598 25.099173 
UV: 0.437503 0.613987 
normal: 0.000000 -0.000000 1.000000 

Position: -40.158676 5.973598 25.099173 
UV: 0.437503 0.613987 
normal: 0.000000 -0.000000 1.000000 

Position: 40.158676 5.973598 25.099173 
UV: 0.437503 0.001875 
normal: 0.000000 -0.000000 1.000000 

Position: 40.158676 7.027764 25.099173 
UV: 0.445537 0.001875 
normal: 0.000000 -0.000000 1.000000 

Position: -36.544395 7.027765 21.083305 
UV: 0.032598 0.586442 
normal: 0.000000 0.689655 -0.724138 

Position: 36.544395 7.027765 21.083305 
UV: 0.032598 0.029420 
normal: 0.000000 0.689655 -0.724138 

Position: 35.138840 5.973599 20.079338 
UV: 0.040249 0.040132 
normal: 0.000000 0.689655 -0.724138 

Position: 35.138840 5.973599 20.079338 
UV: 0.040249 0.040132 
normal: 0.000000 0.689655 -0.724138 

Position: -35.138840 5.973599 20.079338 
UV: 0.040249 0.575730 
normal: 0.000000 0.689655 -0.724138 

Position: -36.544395 7.027765 21.083305 
UV: 0.032598 0.586442 
normal: 0.000000 0.689655 -0.724138 

Position: 40.158676 7.027772 -25.099171 
UV: 0.948367 0.001875 
normal: 1.000000 0.000000 0.000000 

Position: 40.158676 7.027764 25.099173 
UV: 0.948367 0.384445 
normal: 1.000000 0.000000 0.000000 

Position: 40.158676 5.973598 25.099173 
UV: 0.940333 0.384445 
normal: 1.000000 0.000000 0.000000 

Position: 40.158676 5.973598 25.099173 
UV: 0.940333 0.384445 
normal: 1.000000 0.000000 0.000000 

Position: 40.158676 5.973607 -25.099171 
UV: 0.940333 0.001875 
normal: 1.000000 0.000000 0.000000 

Position: 40.158676 7.027772 -25.099171 
UV: 0.948367 0.001875 
normal: 1.000000 0.000000 0.000000 

Position: -40.158676 7.027772 -25.099171 
UV: 0.765363 0.885778 
normal: 0.000000 0.000000 -1.000000 

Position: -6.074000 7.027772 -25.099171 
UV: 0.765363 0.626013 
normal: 0.000000 0.000000 -1.000000 

Position: -5.019835 5.973607 -25.099171 
UV: 0.773397 0.617979 
normal: 0.000000 0.000000 -1.000000 

Position: -5.019835 5.973607 -25.099171 
UV: 0.773397 0.617979 
normal: 0.000000 0.000000 -1.000000 

Position: -40.158676 5.973607 -25.099171 
UV: 0.773397 0.885778 
normal: 0.000000 0.000000 -1.000000 

Position: -40.158676 7.027772 -25.099171 
UV: 0.765363 0.885778 
normal: 0.000000 0.000000 -1.000000 

Position: -6.074000 7.027772 -25.099171 
UV: 0.596210 0.671539 
normal: 0.707107 0.707107 0.000000 

Position: -6.074000 7.027771 -21.083303 
UV: 0.565604 0.671539 
normal: 0.707107 0.707107 0.000000 

Position: -5.019835 5.973606 -20.079336 
UV: 0.557953 0.663505 
normal: 0.707107 0.707107 0.000000 

Position: -5.019835 5.973606 -20.079336 
UV: 0.557953 0.663505 
normal: 0.707107 0.707107 0.000000 

Position: -5.019835 5.973607 -25.099171 
UV: 0.596210 0.663505 
normal: 0.707107 0.707107 0.000000 

Position: -6.074000 7.027772 -25.099171 
UV: 0.596210 0.671539 
normal: 0.707107 0.707107 0.000000 

Position: -6.074000 7.027771 -21.083303 
UV: 0.353957 0.354222 
normal: 0.000000 0.689655 0.724138 

Position: -36.544395 7.027771 -21.083303 
UV: 0.353957 0.586442 
normal: 0.000000 0.689655 0.724138 

Position: -35.138840 5.973606 -20.079336 
UV: 0.346305 0.575730 
normal: 0.000000 0.689655 0.724138 

Position: -35.138840 5.973606 -20.079336 
UV: 0.346305 0.575730 
normal: 0.000000 0.689655 0.724138 

Position: -5.019835 5.973606 -20.079336 
UV: 0.346305 0.346188 
normal: 0.000000 0.689655 0.724138 

Position: -6.074000 7.027771 -21.083303 
UV: 0.353957 0.354222 
normal: 0.000000 0.689655 0.724138 

Position: -36.544395 7.027771 -21.083303 
UV: 0.938313 0.541465 
normal: 0.600000 0.800000 0.000000 

Position: -36.544395 7.027765 21.083305 
UV: 0.938313 0.862824 
normal: 0.600000 0.800000 0.000000 

Position: -35.138840 5.973599 20.079338 
UV: 0.930279 0.855172 
normal: 0.600000 0.800000 0.000000 

Position: -35.138840 5.973599 20.079338 
UV: 0.930279 0.855172 
normal: 0.599999 0.800001 0.000000 

Position: -35.138840 5.973606 -20.079336 
UV: 0.930279 0.549116 
normal: 0.599999 0.800001 0.000000 

Position: -36.544395 7.027771 -21.083303 
UV: 0.938313 0.541465 
normal: 0.599999 0.800001 0.000000 

Position: 36.544395 7.027771 -21.083303 
UV: 0.353957 0.029420 
normal: 0.000000 0.689655 0.724138 

Position: 6.074000 7.027771 -21.083303 
UV: 0.353957 0.261640 
normal: 0.000000 0.689655 0.724138 

Position: 5.019835 5.973606 -20.079336 
UV: 0.346305 0.269674 
normal: 0.000000 0.689655 0.724138 

Position: 5.019835 5.973606 -20.079336 
UV: 0.346305 0.269674 
normal: 0.000000 0.689655 0.724138 

Position: 35.138840 5.973606 -20.079336 
UV: 0.346305 0.040132 
normal: 0.000000 0.689655 0.724138 

Position: 36.544395 7.027771 -21.083303 
UV: 0.353957 0.029420 
normal: 0.000000 0.689655 0.724138 

Position: 6.074000 7.027771 -21.083303 
UV: 0.544166 0.671539 
normal: -0.707106 0.707107 0.000000 

Position: 6.074000 7.027772 -25.099171 
UV: 0.513561 0.671539 
normal: -0.707106 0.707107 0.000000 

Position: 5.019835 5.973607 -25.099171 
UV: 0.513561 0.663505 
normal: -0.707106 0.707107 0.000000 

Position: 5.019835 5.973607 -25.099171 
UV: 0.513561 0.663505 
normal: -0.707107 0.707107 0.000000 

Position: 5.019835 5.973606 -20.079336 
UV: 0.551818 0.663505 
normal: -0.707107 0.707107 0.000000 

Position: 6.074000 7.027771 -21.083303 
UV: 0.544166 0.671539 
normal: -0.707107 0.707107 0.000000 

Position: 40.158676 0.000004 -25.099173 
UV: 0.759228 0.617979 
normal: 0.000000 0.000000 -1.000000 

Position: 5.019835 0.000004 -25.099173 
UV: 0.759228 0.885778 
normal: 0.000000 0.000000 -1.000000 

Position: 5.019835 5.973607 -25.099171 
UV: 0.713702 0.885778 
normal: 0.000000 0.000000 -1.000000 

Position: 5.019835 5.973607 -25.099171 
UV: 0.713702 0.885778 
normal: 0.000000 0.000000 -1.000000 

Position: 40.158676 5.973607 -25.099171 
UV: 0.713702 0.617979 
normal: 0.000000 0.000000 -1.000000 

Position: 40.158676 0.000004 -25.099173 
UV: 0.759228 0.617979 
normal: 0.000000 0.000000 -1.000000 

Position: 36.544395 7.027765 21.083305 
UV: 0.878618 0.617979 
normal: -0.600000 0.800000 0.000000 

Position: 36.544395 7.027771 -21.083303 
UV: 0.878618 0.939338 
normal: -0.600000 0.800000 0.000000 

Position: 35.138840 5.973606 -20.079336 
UV: 0.870584 0.931686 
normal: -0.600000 0.800000 0.000000 

Position: 35.138840 5.973606 -20.079336 
UV: 0.870584 0.931686 
normal: -0.599999 0.800001 0.000000 

Position: 35.138840 5.973599 20.079338 
UV: 0.870584 0.625630 
normal: -0.599999 0.800001 0.000000 

Position: 36.544395 7.027765 21.083305 
UV: 0.878618 0.617979 
normal: -0.599999 0.800001 0.000000 

Position: -40.158676 7.027764 25.099173 
UV: 0.998008 0.388437 
normal: -1.000000 0.000000 0.000000 

Position: -40.158676 7.027772 -25.099171 
UV: 0.998008 0.771007 
normal: -1.000000 0.000000 0.000000 

Position: -40.158676 5.973607 -25.099171 
UV: 0.989974 0.771007 
normal: -1.000000 0.000000 0.000000 

Position: -40.158676 5.973607 -25.099171 
UV: 0.989974 0.771007 
normal: -1.000000 0.000000 0.000000 

Position: -40.158676 5.973598 25.099173 
UV: 0.989974 0.388437 
normal: -1.000000 0.000000 0.000000 

Position: -40.158676 7.027764 25.099173 
UV: 0.998008 0.388437 
normal: -1.000000 0.000000 0.000000 


Name of albedo Texture: RTS_CrateAlbedo.png                                                                                 
Name of normalmap: RTS_CrateNormal.png                                                                                 
Material ID: 48
Nr of Textures: 2
What Shader: 1


Name of mesh: roomCollision1                                                                                      
Vertex count: 36

Collision: 1
Static mesh: 1



Position: -40.158676 7.027765 25.099174 

Position: 40.158676 7.027765 25.099174 

Position: 40.158676 7.027766 20.079340 

Position: 40.158676 7.027766 20.079340 

Position: -40.158676 7.027766 20.079340 

Position: -40.158676 7.027765 25.099174 

Position: -40.158676 -0.000003 20.079338 

Position: -40.158676 -0.000004 25.099173 

Position: -40.158676 7.027765 25.099174 

Position: -40.158676 7.027765 25.099174 

Position: -40.158676 7.027766 20.079340 

Position: -40.158676 -0.000003 20.079338 

Position: -40.158676 -0.000004 25.099173 

Position: 40.158676 -0.000004 25.099173 

Position: 40.158676 7.027765 25.099174 

Position: 40.158676 7.027765 25.099174 

Position: -40.158676 7.027765 25.099174 

Position: -40.158676 -0.000004 25.099173 

Position: 40.158676 -0.000004 25.099173 

Position: 40.158676 -0.000003 20.079338 

Position: 40.158676 7.027766 20.079340 

Position: 40.158676 7.027766 20.079340 

Position: 40.158676 7.027765 25.099174 

Position: 40.158676 -0.000004 25.099173 

Position: 40.158676 -0.000003 20.079338 

Position: -40.158676 -0.000003 20.079338 

Position: -40.158676 7.027766 20.079340 

Position: -40.158676 7.027766 20.079340 

Position: 40.158676 7.027766 20.079340 

Position: 40.158676 -0.000003 20.079338 

Position: 40.158676 -0.000004 25.099173 

Position: -40.158676 -0.000004 25.099173 

Position: 40.158676 -0.000003 20.079338 

Position: 40.158676 -0.000003 20.079338 

Position: -40.158676 -0.000004 25.099173 

Position: -40.158676 -0.000003 20.079338 


Name of mesh: roomCollision2                                                                                      
Vertex count: 36

Collision: 1
Static mesh: 1



Position: -40.158676 7.027765 25.099174 

Position: -35.138847 7.027765 25.099174 

Position: -35.138847 7.027773 -25.099171 

Position: -35.138847 7.027773 -25.099171 

Position: -40.158676 7.027773 -25.099171 

Position: -40.158676 7.027765 25.099174 

Position: -40.158676 0.000004 -25.099173 

Position: -40.158676 -0.000004 25.099173 

Position: -40.158676 7.027765 25.099174 

Position: -40.158676 7.027765 25.099174 

Position: -40.158676 7.027773 -25.099171 

Position: -40.158676 0.000004 -25.099173 

Position: -40.158676 -0.000004 25.099173 

Position: -35.138847 -0.000004 25.099173 

Position: -35.138847 7.027765 25.099174 

Position: -35.138847 7.027765 25.099174 

Position: -40.158676 7.027765 25.099174 

Position: -40.158676 -0.000004 25.099173 

Position: -35.138847 -0.000004 25.099173 

Position: -35.138847 0.000004 -25.099173 

Position: -35.138847 7.027773 -25.099171 

Position: -35.138847 7.027773 -25.099171 

Position: -35.138847 7.027765 25.099174 

Position: -35.138847 -0.000004 25.099173 

Position: -35.138847 0.000004 -25.099173 

Position: -40.158676 0.000004 -25.099173 

Position: -40.158676 7.027773 -25.099171 

Position: -40.158676 7.027773 -25.099171 

Position: -35.138847 7.027773 -25.099171 

Position: -35.138847 0.000004 -25.099173 

Position: -40.158676 -0.000004 25.099173 

Position: -40.158676 0.000004 -25.099173 

Position: -35.138847 -0.000004 25.099173 

Position: -35.138847 -0.000004 25.099173 

Position: -40.158676 0.000004 -25.099173 

Position: -35.138847 0.000004 -25.099173 


Name of mesh: roomCollision3                                                                                      
Vertex count: 36

Collision: 1
Static mesh: 1



Position: -40.158676 7.027772 -20.079336 

Position: -5.019835 7.027772 -20.079336 

Position: -5.019835 7.027773 -25.099171 

Position: -5.019835 7.027773 -25.099171 

Position: -40.158676 7.027773 -25.099171 

Position: -40.158676 7.027772 -20.079336 

Position: -40.158676 0.000004 -25.099173 

Position: -40.158676 0.000003 -20.079338 

Position: -40.158676 7.027772 -20.079336 

Position: -40.158676 7.027772 -20.079336 

Position: -40.158676 7.027773 -25.099171 

Position: -40.158676 0.000004 -25.099173 

Position: -40.158676 0.000003 -20.079338 

Position: -5.019835 0.000003 -20.079338 

Position: -5.019835 7.027772 -20.079336 

Position: -5.019835 7.027772 -20.079336 

Position: -40.158676 7.027772 -20.079336 

Position: -40.158676 0.000003 -20.079338 

Position: -5.019835 0.000003 -20.079338 

Position: -5.019835 0.000004 -25.099173 

Position: -5.019835 7.027773 -25.099171 

Position: -5.019835 7.027773 -25.099171 

Position: -5.019835 7.027772 -20.079336 

Position: -5.019835 0.000003 -20.079338 

Position: -5.019835 0.000004 -25.099173 

Position: -40.158676 0.000004 -25.099173 

Position: -40.158676 7.027773 -25.099171 

Position: -40.158676 7.027773 -25.099171 

Position: -5.019835 7.027773 -25.099171 

Position: -5.019835 0.000004 -25.099173 

Position: -5.019835 0.000003 -20.079338 

Position: -40.158676 0.000003 -20.079338 

Position: -5.019835 0.000004 -25.099173 

Position: -5.019835 0.000004 -25.099173 

Position: -40.158676 0.000003 -20.079338 

Position: -40.158676 0.000004 -25.099173 


Name of mesh: roomCollision4                                                                                      
Vertex count: 36

Collision: 1
Static mesh: 1



Position: 35.138847 7.027765 25.099174 

Position: 40.158676 7.027765 25.099174 

Position: 40.158676 7.027773 -25.099171 

Position: 40.158676 7.027773 -25.099171 

Position: 35.138847 7.027773 -25.099171 

Position: 35.138847 7.027765 25.099174 

Position: 35.138847 0.000004 -25.099173 

Position: 35.138847 -0.000004 25.099173 

Position: 35.138847 7.027765 25.099174 

Position: 35.138847 7.027765 25.099174 

Position: 35.138847 7.027773 -25.099171 

Position: 35.138847 0.000004 -25.099173 

Position: 35.138847 -0.000004 25.099173 

Position: 40.158676 -0.000004 25.099173 

Position: 40.158676 7.027765 25.099174 

Position: 40.158676 7.027765 25.099174 

Position: 35.138847 7.027765 25.099174 

Position: 35.138847 -0.000004 25.099173 

Position: 40.158676 -0.000004 25.099173 

Position: 40.158676 0.000004 -25.099173 

Position: 40.158676 7.027773 -25.099171 

Position: 40.158676 7.027773 -25.099171 

Position: 40.158676 7.027765 25.099174 

Position: 40.158676 -0.000004 25.099173 

Position: 40.158676 0.000004 -25.099173 

Position: 35.138847 0.000004 -25.099173 

Position: 35.138847 7.027773 -25.099171 

Position: 35.138847 7.027773 -25.099171 

Position: 40.158676 7.027773 -25.099171 

Position: 40.158676 0.000004 -25.099173 

Position: 35.138847 -0.000004 25.099173 

Position: 35.138847 0.000004 -25.099173 

Position: 40.158676 -0.000004 25.099173 

Position: 40.158676 -0.000004 25.099173 

Position: 35.138847 0.000004 -25.099173 

Position: 40.158676 0.000004 -25.099173 


Name of mesh: roomCollision5                                                                                      
Vertex count: 36

Collision: 1
Static mesh: 1



Position: 5.019835 7.027772 -20.079336 

Position: 40.158676 7.027772 -20.079336 

Position: 40.158676 7.027773 -25.099171 

Position: 40.158676 7.027773 -25.099171 

Position: 5.019835 7.027773 -25.099171 

Position: 5.019835 7.027772 -20.079336 

Position: 5.019835 0.000004 -25.099173 

Position: 5.019835 0.000003 -20.079338 

Position: 5.019835 7.027772 -20.079336 

Position: 5.019835 7.027772 -20.079336 

Position: 5.019835 7.027773 -25.099171 

Position: 5.019835 0.000004 -25.099173 

Position: 5.019835 0.000003 -20.079338 

Position: 40.158676 0.000003 -20.079338 

Position: 40.158676 7.027772 -20.079336 

Position: 40.158676 7.027772 -20.079336 

Position: 5.019835 7.027772 -20.079336 

Position: 5.019835 0.000003 -20.079338 

Position: 40.158676 0.000003 -20.079338 

Position: 40.158676 0.000004 -25.099173 

Position: 40.158676 7.027773 -25.099171 

Position: 40.158676 7.027773 -25.099171 

Position: 40.158676 7.027772 -20.079336 

Position: 40.158676 0.000003 -20.079338 

Position: 40.158676 0.000004 -25.099173 

Position: 5.019835 0.000004 -25.099173 

Position: 5.019835 7.027773 -25.099171 

Position: 5.019835 7.027773 -25.099171 

Position: 40.158676 7.027773 -25.099171 

Position: 40.158676 0.000004 -25.099173 

Position: 40.158676 0.000003 -20.079338 

Position: 5.019835 0.000003 -20.079338 

Position: 40.158676 0.000004 -25.099173 

Position: 40.158676 0.000004 -25.099173 

Position: 5.019835 0.000003 -20.079338 

Position: 5.019835 0.000004 -25.099173 


