Version: 3
Nr of dynamic meshes: 0
Nr of static meshes: 2
Nr of bounding boxes: 5
Nr of materials: 2

Name of mesh: Room36MeshWall                                                                                      
Vertex count: 204
Material ID: 50
Collision: 0
Static mesh: 1



Position: 40.000000 7.000000 25.000000 
UV: 0.018400 0.977800 
normal: 0.000000 1.000000 0.000000 

Position: 36.400002 7.000000 21.000000 
UV: 0.049500 0.943200 
normal: 0.000000 1.000000 0.000000 

Position: -36.400002 7.000000 21.000000 
UV: 0.678500 0.943200 
normal: 0.000000 1.000000 0.000000 

Position: -36.400002 7.000000 21.000000 
UV: 0.678500 0.943200 
normal: 0.000000 1.000000 0.000000 

Position: -40.000000 7.000000 25.000000 
UV: 0.709600 0.977800 
normal: 0.000000 1.000000 0.000000 

Position: 40.000000 7.000000 25.000000 
UV: 0.018400 0.977800 
normal: 0.000000 1.000000 0.000000 

Position: 39.999969 -0.000001 25.000000 
UV: 0.298450 0.436350 
normal: 0.000000 0.000000 1.000000 

Position: 40.000000 5.950000 25.000000 
UV: 0.523600 0.478800 
normal: 0.000000 0.000000 1.000000 

Position: -40.000000 5.950000 25.000000 
UV: 0.216400 0.478800 
normal: 0.000000 0.000000 1.000000 

Position: -40.000000 5.950000 25.000000 
UV: 0.216400 0.478800 
normal: 0.000000 0.000000 1.000000 

Position: -40.000031 -0.000001 25.000000 
UV: 0.430150 0.434450 
normal: 0.000000 0.000000 1.000000 

Position: 39.999969 -0.000001 25.000000 
UV: 0.298450 0.436350 
normal: 0.000000 0.000000 1.000000 

Position: -35.000000 0.000000 20.000000 
UV: 0.941000 0.672650 
normal: 0.000000 0.000000 -1.000000 

Position: -35.000000 5.950000 20.000000 
UV: 0.852300 0.972100 
normal: 0.000000 0.000000 -1.000000 

Position: 35.000000 5.950000 20.000000 
UV: 0.852300 0.581000 
normal: 0.000000 0.000000 -1.000000 

Position: 35.000000 5.950000 20.000000 
UV: 0.852300 0.581000 
normal: 0.000000 0.000000 -1.000000 

Position: 35.000000 0.000000 20.000000 
UV: 0.941800 0.781050 
normal: 0.000000 0.000000 -1.000000 

Position: -35.000000 0.000000 20.000000 
UV: 0.941000 0.672650 
normal: 0.000000 0.000000 -1.000000 

Position: 39.999969 -0.000001 -25.000000 
UV: 0.199200 0.454550 
normal: 1.000000 -0.000005 0.000000 

Position: 40.000000 5.950000 -25.000000 
UV: 0.303700 0.444300 
normal: 1.000000 -0.000005 0.000000 

Position: 40.000000 5.950000 25.000000 
UV: 0.073300 0.444300 
normal: 1.000000 -0.000005 0.000000 

Position: 40.000000 5.950000 25.000000 
UV: 0.073300 0.444300 
normal: 1.000000 -0.000005 0.000000 

Position: 39.999969 -0.000001 25.000000 
UV: 0.298450 0.436350 
normal: 1.000000 -0.000005 0.000000 

Position: 39.999969 -0.000001 -25.000000 
UV: 0.199200 0.454550 
normal: 1.000000 -0.000005 0.000000 

Position: 36.400002 7.000000 21.000000 
UV: 0.049500 0.943200 
normal: 0.000000 1.000000 0.000000 

Position: 40.000000 7.000000 25.000000 
UV: 0.018400 0.977800 
normal: 0.000000 1.000000 0.000000 

Position: 40.000000 7.000000 -25.000000 
UV: 0.018400 0.545900 
normal: 0.000000 1.000000 0.000000 

Position: 40.000000 7.000000 -25.000000 
UV: 0.018400 0.545900 
normal: 0.000000 1.000000 0.000000 

Position: 36.400002 7.000000 -21.000000 
UV: 0.049500 0.580500 
normal: 0.000000 1.000000 0.000000 

Position: 36.400002 7.000000 21.000000 
UV: 0.049500 0.943200 
normal: 0.000000 1.000000 0.000000 

Position: 36.400002 7.000000 -21.000000 
UV: 0.049500 0.580500 
normal: 0.000000 1.000000 0.000000 

Position: 40.000000 7.000000 -25.000000 
UV: 0.018400 0.545900 
normal: 0.000000 1.000000 0.000000 

Position: 6.050000 7.000000 -25.000000 
UV: 0.311700 0.545900 
normal: 0.000000 1.000000 0.000000 

Position: 6.050000 7.000000 -25.000000 
UV: 0.311700 0.545900 
normal: 0.000000 1.000000 0.000000 

Position: 6.050000 7.000000 -21.000000 
UV: 0.311700 0.580500 
normal: 0.000000 1.000000 0.000000 

Position: 36.400002 7.000000 -21.000000 
UV: 0.049500 0.580500 
normal: 0.000000 1.000000 0.000000 

Position: -36.400002 7.000000 -21.000000 
UV: 0.678500 0.580500 
normal: 0.000000 1.000000 0.000000 

Position: -6.050000 7.000000 -21.000000 
UV: 0.416300 0.580500 
normal: 0.000000 1.000000 0.000000 

Position: -6.050000 7.000000 -25.000000 
UV: 0.416300 0.545900 
normal: 0.000000 1.000000 0.000000 

Position: -6.050000 7.000000 -25.000000 
UV: 0.416300 0.545900 
normal: 0.000000 1.000000 0.000000 

Position: -40.000000 7.000000 -25.000000 
UV: 0.709600 0.545900 
normal: 0.000000 1.000000 0.000000 

Position: -36.400002 7.000000 -21.000000 
UV: 0.678500 0.580500 
normal: 0.000000 1.000000 0.000000 

Position: -40.000000 5.950000 -25.000000 
UV: 0.622700 0.528800 
normal: 0.000000 0.000000 -1.000000 

Position: -5.000000 5.950000 -25.000000 
UV: 0.428800 0.528800 
normal: 0.000000 0.000000 -1.000000 

Position: -5.000000 0.000000 -25.000000 
UV: 0.692800 0.303450 
normal: 0.000000 0.000000 -1.000000 

Position: -5.000000 0.000000 -25.000000 
UV: 0.692800 0.303450 
normal: -0.000000 0.000000 -1.000000 

Position: -40.000000 -0.000001 -25.000000 
UV: 0.525300 0.454450 
normal: -0.000000 0.000000 -1.000000 

Position: -40.000000 5.950000 -25.000000 
UV: 0.622700 0.528800 
normal: -0.000000 0.000000 -1.000000 

Position: -5.000000 5.950000 -25.000000 
UV: 0.956800 0.074100 
normal: 1.000000 0.000000 0.000000 

Position: -5.000000 5.950000 -20.000000 
UV: 0.987800 0.074100 
normal: 1.000000 0.000000 0.000000 

Position: -5.000000 0.000000 -20.000000 
UV: 0.905450 0.354350 
normal: 1.000000 0.000000 0.000000 

Position: -5.000000 0.000000 -20.000000 
UV: 0.905450 0.354350 
normal: 1.000000 0.000000 0.000000 

Position: -5.000000 0.000000 -25.000000 
UV: 0.692800 0.303450 
normal: 1.000000 0.000000 0.000000 

Position: -5.000000 5.950000 -25.000000 
UV: 0.956800 0.074100 
normal: 1.000000 0.000000 0.000000 

Position: -5.000000 5.950000 -20.000000 
UV: 0.778800 0.597700 
normal: 0.000000 0.000000 1.000000 

Position: -35.000000 5.950000 -20.000000 
UV: 0.778800 0.374200 
normal: 0.000000 0.000000 1.000000 

Position: -35.000000 0.000000 -20.000000 
UV: 0.904250 0.522650 
normal: 0.000000 0.000000 1.000000 

Position: -35.000000 0.000000 -20.000000 
UV: 0.904250 0.522650 
normal: 0.000000 0.000000 1.000000 

Position: -5.000000 0.000000 -20.000000 
UV: 0.905450 0.354350 
normal: 0.000000 0.000000 1.000000 

Position: -5.000000 5.950000 -20.000000 
UV: 0.778800 0.597700 
normal: 0.000000 0.000000 1.000000 

Position: -35.000000 5.950000 -20.000000 
UV: 0.941100 0.671100 
normal: 1.000000 0.000000 0.000000 

Position: -35.000000 5.950000 20.000000 
UV: 0.941100 0.373200 
normal: 1.000000 0.000000 0.000000 

Position: -35.000000 0.000000 20.000000 
UV: 0.941000 0.672650 
normal: 1.000000 0.000000 0.000000 

Position: -35.000000 0.000000 20.000000 
UV: 0.941000 0.672650 
normal: 1.000000 0.000000 0.000000 

Position: -35.000000 0.000000 -20.000000 
UV: 0.904250 0.522650 
normal: 1.000000 0.000000 0.000000 

Position: -35.000000 5.950000 -20.000000 
UV: 0.941100 0.671100 
normal: 1.000000 0.000000 0.000000 

Position: 35.000000 5.950000 -20.000000 
UV: 0.778200 0.974600 
normal: 0.000000 0.000000 1.000000 

Position: 5.000000 5.950000 -20.000000 
UV: 0.778200 0.751200 
normal: 0.000000 0.000000 1.000000 

Position: 5.000000 0.000000 -20.000000 
UV: 0.889200 0.406800 
normal: 0.000000 0.000000 1.000000 

Position: 5.000000 0.000000 -20.000000 
UV: 0.889200 0.406800 
normal: 0.000000 0.000000 1.000000 

Position: 35.000000 0.000000 -20.000000 
UV: 0.904750 0.828900 
normal: 0.000000 0.000000 1.000000 

Position: 35.000000 5.950000 -20.000000 
UV: 0.778200 0.974600 
normal: 0.000000 0.000000 1.000000 

Position: 5.000000 5.950000 -20.000000 
UV: 0.955900 0.025400 
normal: -1.000000 0.000000 0.000000 

Position: 5.000000 5.950000 -25.000000 
UV: 0.986900 0.025400 
normal: -1.000000 0.000000 0.000000 

Position: 5.000000 0.000000 -25.000000 
UV: 0.643500 0.277350 
normal: -1.000000 0.000000 0.000000 

Position: 5.000000 0.000000 -25.000000 
UV: 0.643500 0.277350 
normal: -1.000000 0.000000 0.000000 

Position: 5.000000 0.000000 -20.000000 
UV: 0.889200 0.406800 
normal: -1.000000 0.000000 0.000000 

Position: 5.000000 5.950000 -20.000000 
UV: 0.955900 0.025400 
normal: -1.000000 0.000000 0.000000 

Position: 40.000000 7.000000 -25.000000 
UV: 0.094700 0.533400 
normal: 0.000000 0.000000 -1.000000 

Position: 40.000000 5.950000 -25.000000 
UV: 0.094700 0.527200 
normal: 0.000000 0.000000 -1.000000 

Position: 5.000000 5.950000 -25.000000 
UV: 0.300100 0.527200 
normal: 0.000000 0.000000 -1.000000 

Position: 5.000000 5.950000 -25.000000 
UV: 0.300100 0.527200 
normal: 0.000000 0.000000 -1.000000 

Position: 6.050000 7.000000 -25.000000 
UV: 0.294000 0.533400 
normal: 0.000000 0.000000 -1.000000 

Position: 40.000000 7.000000 -25.000000 
UV: 0.094700 0.533400 
normal: 0.000000 0.000000 -1.000000 

Position: -40.000000 7.000000 -25.000000 
UV: 0.709600 0.545900 
normal: 0.000000 1.000000 0.000000 

Position: -40.000000 7.000000 25.000000 
UV: 0.709600 0.977800 
normal: 0.000000 1.000000 0.000000 

Position: -36.400002 7.000000 21.000000 
UV: 0.678500 0.943200 
normal: 0.000000 1.000000 0.000000 

Position: -36.400002 7.000000 21.000000 
UV: 0.678500 0.943200 
normal: 0.000000 1.000000 0.000000 

Position: -36.400002 7.000000 -21.000000 
UV: 0.678500 0.580500 
normal: 0.000000 1.000000 0.000000 

Position: -40.000000 7.000000 -25.000000 
UV: 0.709600 0.545900 
normal: 0.000000 1.000000 0.000000 

Position: 35.000000 5.950000 20.000000 
UV: 0.942600 0.981100 
normal: -1.000000 0.000000 0.000000 

Position: 35.000000 5.950000 -20.000000 
UV: 0.942600 0.683200 
normal: -1.000000 0.000000 0.000000 

Position: 35.000000 0.000000 -20.000000 
UV: 0.904750 0.828900 
normal: -1.000000 0.000000 0.000000 

Position: 35.000000 0.000000 -20.000000 
UV: 0.904750 0.828900 
normal: -1.000000 0.000000 0.000000 

Position: 35.000000 0.000000 20.000000 
UV: 0.941800 0.781050 
normal: -1.000000 0.000000 0.000000 

Position: 35.000000 5.950000 20.000000 
UV: 0.942600 0.981100 
normal: -1.000000 0.000000 0.000000 

Position: -40.000000 5.950000 25.000000 
UV: 0.643900 0.438700 
normal: -1.000000 0.000000 0.000000 

Position: -40.000000 5.950000 -25.000000 
UV: 0.427900 0.438700 
normal: -1.000000 0.000000 0.000000 

Position: -40.000000 -0.000001 -25.000000 
UV: 0.525300 0.454450 
normal: -1.000000 0.000000 0.000000 

Position: -40.000000 -0.000001 -25.000000 
UV: 0.525300 0.454450 
normal: -1.000000 0.000005 -0.000001 

Position: -40.000031 -0.000001 25.000000 
UV: 0.430150 0.434450 
normal: -1.000000 0.000005 -0.000001 

Position: -40.000000 5.950000 25.000000 
UV: 0.643900 0.438700 
normal: -1.000000 0.000005 -0.000001 

Position: 40.000000 7.000000 25.000000 
UV: 0.523600 0.482800 
normal: 0.000000 0.000000 1.000000 

Position: -40.000000 7.000000 25.000000 
UV: 0.216400 0.482800 
normal: 0.000000 0.000000 1.000000 

Position: -40.000000 5.950000 25.000000 
UV: 0.216400 0.478800 
normal: 0.000000 0.000000 1.000000 

Position: -40.000000 5.950000 25.000000 
UV: 0.216400 0.478800 
normal: 0.000000 0.000000 1.000000 

Position: 40.000000 5.950000 25.000000 
UV: 0.523600 0.478800 
normal: 0.000000 0.000000 1.000000 

Position: 40.000000 7.000000 25.000000 
UV: 0.523600 0.482800 
normal: 0.000000 0.000000 1.000000 

Position: -36.400002 7.000000 21.000000 
UV: 0.678500 0.943200 
normal: 0.000000 0.689655 -0.724138 

Position: 36.400002 7.000000 21.000000 
UV: 0.049500 0.943200 
normal: 0.000000 0.689655 -0.724138 

Position: 35.000000 5.950000 20.000000 
UV: 0.061600 0.934300 
normal: 0.000000 0.689655 -0.724138 

Position: 35.000000 5.950000 20.000000 
UV: 0.061600 0.934300 
normal: 0.000000 0.689655 -0.724138 

Position: -35.000000 5.950000 20.000000 
UV: 0.666400 0.934300 
normal: 0.000000 0.689655 -0.724138 

Position: -36.400002 7.000000 21.000000 
UV: 0.678500 0.943200 
normal: 0.000000 0.689655 -0.724138 

Position: 40.000000 7.000000 -25.000000 
UV: 0.303700 0.449100 
normal: 1.000000 0.000000 0.000000 

Position: 40.000000 7.000000 25.000000 
UV: 0.073300 0.449100 
normal: 1.000000 0.000000 0.000000 

Position: 40.000000 5.950000 25.000000 
UV: 0.073300 0.444300 
normal: 1.000000 0.000000 0.000000 

Position: 40.000000 5.950000 25.000000 
UV: 0.073300 0.444300 
normal: 1.000000 0.000000 0.000000 

Position: 40.000000 5.950000 -25.000000 
UV: 0.303700 0.444300 
normal: 1.000000 0.000000 0.000000 

Position: 40.000000 7.000000 -25.000000 
UV: 0.303700 0.449100 
normal: 1.000000 0.000000 0.000000 

Position: -40.000000 7.000000 -25.000000 
UV: 0.622700 0.534600 
normal: 0.000000 0.000000 -1.000000 

Position: -6.050000 7.000000 -25.000000 
UV: 0.434600 0.534600 
normal: 0.000000 0.000000 -1.000000 

Position: -5.000000 5.950000 -25.000000 
UV: 0.428800 0.528800 
normal: 0.000000 0.000000 -1.000000 

Position: -5.000000 5.950000 -25.000000 
UV: 0.428800 0.528800 
normal: 0.000000 0.000000 -1.000000 

Position: -40.000000 5.950000 -25.000000 
UV: 0.622700 0.528800 
normal: 0.000000 0.000000 -1.000000 

Position: -40.000000 7.000000 -25.000000 
UV: 0.622700 0.534600 
normal: 0.000000 0.000000 -1.000000 

Position: -6.050000 7.000000 -25.000000 
UV: 0.416300 0.545900 
normal: 0.707107 0.707107 0.000000 

Position: -6.050000 7.000000 -21.000000 
UV: 0.416300 0.580500 
normal: 0.707107 0.707107 0.000000 

Position: -5.000000 5.950000 -20.000000 
UV: 0.407200 0.588900 
normal: 0.707107 0.707107 0.000000 

Position: -5.000000 5.950000 -20.000000 
UV: 0.407200 0.588900 
normal: 0.707107 0.707107 0.000000 

Position: -5.000000 5.950000 -25.000000 
UV: 0.407200 0.545700 
normal: 0.707107 0.707107 0.000000 

Position: -6.050000 7.000000 -25.000000 
UV: 0.416300 0.545900 
normal: 0.707107 0.707107 0.000000 

Position: -6.050000 7.000000 -21.000000 
UV: 0.416300 0.580500 
normal: 0.000000 0.689655 0.724138 

Position: -36.400002 7.000000 -21.000000 
UV: 0.678500 0.580500 
normal: 0.000000 0.689655 0.724138 

Position: -35.000000 5.950000 -20.000000 
UV: 0.666400 0.588900 
normal: 0.000000 0.689655 0.724138 

Position: -35.000000 5.950000 -20.000000 
UV: 0.666400 0.588900 
normal: 0.000000 0.689655 0.724138 

Position: -5.000000 5.950000 -20.000000 
UV: 0.407200 0.588900 
normal: 0.000000 0.689655 0.724138 

Position: -6.050000 7.000000 -21.000000 
UV: 0.416300 0.580500 
normal: 0.000000 0.689655 0.724138 

Position: -36.400002 7.000000 -21.000000 
UV: 0.678500 0.580500 
normal: 0.600000 0.800000 0.000000 

Position: -36.400002 7.000000 21.000000 
UV: 0.678500 0.943200 
normal: 0.600000 0.800000 0.000000 

Position: -35.000000 5.950000 20.000000 
UV: 0.666400 0.934300 
normal: 0.600000 0.800000 0.000000 

Position: -35.000000 5.950000 20.000000 
UV: 0.666400 0.934300 
normal: 0.599998 0.800001 0.000000 

Position: -35.000000 5.950000 -20.000000 
UV: 0.666400 0.588900 
normal: 0.599998 0.800001 0.000000 

Position: -36.400002 7.000000 -21.000000 
UV: 0.678500 0.580500 
normal: 0.599998 0.800001 0.000000 

Position: 36.400002 7.000000 -21.000000 
UV: 0.049500 0.580500 
normal: 0.000000 0.689655 0.724138 

Position: 6.050000 7.000000 -21.000000 
UV: 0.311700 0.580500 
normal: 0.000000 0.689655 0.724138 

Position: 5.000000 5.950000 -20.000000 
UV: 0.320800 0.588900 
normal: 0.000000 0.689655 0.724138 

Position: 5.000000 5.950000 -20.000000 
UV: 0.320800 0.588900 
normal: 0.000000 0.689655 0.724138 

Position: 35.000000 5.950000 -20.000000 
UV: 0.061600 0.588900 
normal: 0.000000 0.689655 0.724138 

Position: 36.400002 7.000000 -21.000000 
UV: 0.049500 0.580500 
normal: 0.000000 0.689655 0.724138 

Position: 6.050000 7.000000 -21.000000 
UV: 0.311700 0.580500 
normal: -0.707106 0.707107 0.000000 

Position: 6.050000 7.000000 -25.000000 
UV: 0.311700 0.545900 
normal: -0.707106 0.707107 0.000000 

Position: 5.000000 5.950000 -25.000000 
UV: 0.320800 0.545700 
normal: -0.707106 0.707107 0.000000 

Position: 5.000000 5.950000 -25.000000 
UV: 0.320800 0.545700 
normal: -0.707107 0.707106 0.000000 

Position: 5.000000 5.950000 -20.000000 
UV: 0.320800 0.588900 
normal: -0.707107 0.707106 0.000000 

Position: 6.050000 7.000000 -21.000000 
UV: 0.311700 0.580500 
normal: -0.707107 0.707107 0.000000 

Position: 39.999969 -0.000001 -25.000000 
UV: 0.199200 0.454550 
normal: 0.000000 0.000000 -1.000000 

Position: 5.000000 0.000000 -25.000000 
UV: 0.643500 0.277350 
normal: 0.000000 0.000000 -1.000000 

Position: 5.000000 5.950000 -25.000000 
UV: 0.300100 0.527200 
normal: 0.000000 0.000000 -1.000000 

Position: 5.000000 5.950000 -25.000000 
UV: 0.300100 0.527200 
normal: 0.000000 0.000000 -1.000000 

Position: 40.000000 5.950000 -25.000000 
UV: 0.094700 0.527200 
normal: 0.000000 0.000000 -1.000000 

Position: 39.999969 -0.000001 -25.000000 
UV: 0.199200 0.454550 
normal: 0.000000 0.000000 -1.000000 

Position: 36.400002 7.000000 21.000000 
UV: 0.049500 0.943200 
normal: -0.600000 0.800000 0.000000 

Position: 36.400002 7.000000 -21.000000 
UV: 0.049500 0.580500 
normal: -0.600000 0.800000 0.000000 

Position: 35.000000 5.950000 -20.000000 
UV: 0.061600 0.588900 
normal: -0.600000 0.800000 0.000000 

Position: 35.000000 5.950000 -20.000000 
UV: 0.061600 0.588900 
normal: -0.599998 0.800001 0.000000 

Position: 35.000000 5.950000 20.000000 
UV: 0.061600 0.934300 
normal: -0.599998 0.800001 0.000000 

Position: 36.400002 7.000000 21.000000 
UV: 0.049500 0.943200 
normal: -0.599998 0.800001 0.000000 

Position: -40.000000 7.000000 25.000000 
UV: 0.643900 0.443200 
normal: -1.000000 0.000000 0.000000 

Position: -40.000000 7.000000 -25.000000 
UV: 0.427900 0.443200 
normal: -1.000000 0.000000 0.000000 

Position: -40.000000 5.950000 -25.000000 
UV: 0.427900 0.438700 
normal: -1.000000 0.000000 0.000000 

Position: -40.000000 5.950000 -25.000000 
UV: 0.427900 0.438700 
normal: -1.000000 0.000000 0.000000 

Position: -40.000000 5.950000 25.000000 
UV: 0.643900 0.438700 
normal: -1.000000 0.000000 0.000000 

Position: -40.000000 7.000000 25.000000 
UV: 0.643900 0.443200 
normal: -1.000000 0.000000 0.000000 

Position: -40.000000 -0.000001 -25.000000 
UV: 0.525300 0.454450 
normal: 0.000000 -1.000000 0.000000 

Position: -5.000000 0.000000 -25.000000 
UV: 0.692800 0.303450 
normal: 0.000000 -1.000000 0.000000 

Position: -35.000000 0.000000 -20.000000 
UV: 0.904250 0.522650 
normal: 0.000000 -1.000000 0.000000 

Position: -35.000000 0.000000 -20.000000 
UV: 0.904250 0.522650 
normal: 0.000000 -1.000000 0.000000 

Position: -5.000000 0.000000 -25.000000 
UV: 0.692800 0.303450 
normal: 0.000000 -1.000000 0.000000 

Position: -5.000000 0.000000 -20.000000 
UV: 0.905450 0.354350 
normal: 0.000000 -1.000000 0.000000 

Position: -35.000000 0.000000 -20.000000 
UV: 0.904250 0.522650 
normal: 0.000000 -1.000000 0.000000 

Position: -35.000000 0.000000 20.000000 
UV: 0.941000 0.672650 
normal: 0.000000 -1.000000 0.000000 

Position: -40.000000 -0.000001 -25.000000 
UV: 0.525300 0.454450 
normal: 0.000000 -1.000000 0.000000 

Position: -40.000000 -0.000001 -25.000000 
UV: 0.525300 0.454450 
normal: 0.000000 -1.000000 0.000000 

Position: -35.000000 0.000000 20.000000 
UV: 0.941000 0.672650 
normal: 0.000000 -1.000000 0.000000 

Position: -40.000031 -0.000001 25.000000 
UV: 0.430150 0.434450 
normal: 0.000000 -1.000000 0.000000 

Position: 39.999969 -0.000001 25.000000 
UV: 0.298450 0.436350 
normal: 0.000000 -1.000000 -0.000000 

Position: -40.000031 -0.000001 25.000000 
UV: 0.430150 0.434450 
normal: 0.000000 -1.000000 -0.000000 

Position: 35.000000 0.000000 20.000000 
UV: 0.941800 0.781050 
normal: 0.000000 -1.000000 -0.000000 

Position: 35.000000 0.000000 20.000000 
UV: 0.941800 0.781050 
normal: 0.000000 -1.000000 -0.000000 

Position: -40.000031 -0.000001 25.000000 
UV: 0.430150 0.434450 
normal: 0.000000 -1.000000 -0.000000 

Position: -35.000000 0.000000 20.000000 
UV: 0.941000 0.672650 
normal: 0.000000 -1.000000 -0.000000 

Position: 39.999969 -0.000001 -25.000000 
UV: 0.199200 0.454550 
normal: -0.000000 -1.000000 0.000000 

Position: 39.999969 -0.000001 25.000000 
UV: 0.298450 0.436350 
normal: -0.000000 -1.000000 0.000000 

Position: 35.000000 0.000000 -20.000000 
UV: 0.904750 0.828900 
normal: -0.000000 -1.000000 0.000000 

Position: 35.000000 0.000000 -20.000000 
UV: 0.904750 0.828900 
normal: -0.000000 -1.000000 0.000000 

Position: 39.999969 -0.000001 25.000000 
UV: 0.298450 0.436350 
normal: -0.000000 -1.000000 0.000000 

Position: 35.000000 0.000000 20.000000 
UV: 0.941800 0.781050 
normal: -0.000000 -1.000000 0.000000 

Position: 5.000000 0.000000 -20.000000 
UV: 0.889200 0.406800 
normal: 0.000000 -1.000000 0.000000 

Position: 5.000000 0.000000 -25.000000 
UV: 0.643500 0.277350 
normal: -0.000000 -1.000000 0.000000 

Position: 35.000000 0.000000 -20.000000 
UV: 0.904750 0.828900 
normal: -0.000000 -1.000000 0.000000 

Position: 35.000000 0.000000 -20.000000 
UV: 0.904750 0.828900 
normal: -0.000000 -1.000000 0.000000 

Position: 5.000000 0.000000 -25.000000 
UV: 0.643500 0.277350 
normal: -0.000000 -1.000000 0.000000 

Position: 39.999969 -0.000001 -25.000000 
UV: 0.199200 0.454550 
normal: -0.000000 -1.000000 0.000000 


Name of mesh: Room36MeshFloor                                                                                     
Vertex count: 6
Material ID: 51
Collision: 0
Static mesh: 1



Position: -38.017597 0.149218 20.232164 
UV: 0.000000 0.000000 
normal: 0.000000 1.000000 0.000000 

Position: 38.017597 0.149218 20.232164 
UV: 1.000000 0.000000 
normal: 0.000000 1.000000 0.000000 

Position: -38.017597 0.149218 -25.057028 
UV: 0.000000 1.000000 
normal: 0.000000 1.000000 0.000000 

Position: -38.017597 0.149218 -25.057028 
UV: 0.000000 1.000000 
normal: 0.000000 1.000000 0.000000 

Position: 38.017597 0.149218 20.232164 
UV: 1.000000 0.000000 
normal: 0.000000 0.000000 0.000000 

Position: 38.017597 0.149218 -25.057028 
UV: 1.000000 1.000000 
normal: 0.000000 0.000000 0.000000 


Name of albedo Texture: Brick-wall.jpg                                                                                      
Name of normalmap:                                                                                                     
Material ID: 50
Nr of Textures: 1
What Shader: 1


Name of albedo Texture: Wood.jpg                                                                                            
Name of normalmap:                                                                                                     
Material ID: 51
Nr of Textures: 1
What Shader: 1


Name of mesh: Room36Collision1                                                                                    
Vertex count: 36

Collision: 1
Static mesh: 1



Position: -40.000000 7.000000 25.000000 

Position: 40.000000 7.000000 25.000000 

Position: 40.000000 7.000000 20.000000 

Position: 40.000000 7.000000 20.000000 

Position: -40.000000 7.000000 20.000000 

Position: -40.000000 7.000000 25.000000 

Position: -40.000000 0.000000 20.000000 

Position: -40.000000 0.000000 25.000000 

Position: -40.000000 7.000000 25.000000 

Position: -40.000000 7.000000 25.000000 

Position: -40.000000 7.000000 20.000000 

Position: -40.000000 0.000000 20.000000 

Position: -40.000000 0.000000 25.000000 

Position: 40.000000 0.000000 25.000000 

Position: 40.000000 7.000000 25.000000 

Position: 40.000000 7.000000 25.000000 

Position: -40.000000 7.000000 25.000000 

Position: -40.000000 0.000000 25.000000 

Position: 40.000000 0.000000 25.000000 

Position: 40.000000 0.000000 20.000000 

Position: 40.000000 7.000000 20.000000 

Position: 40.000000 7.000000 20.000000 

Position: 40.000000 7.000000 25.000000 

Position: 40.000000 0.000000 25.000000 

Position: 40.000000 0.000000 20.000000 

Position: -40.000000 0.000000 20.000000 

Position: -40.000000 7.000000 20.000000 

Position: -40.000000 7.000000 20.000000 

Position: 40.000000 7.000000 20.000000 

Position: 40.000000 0.000000 20.000000 

Position: 40.000000 0.000000 25.000000 

Position: -40.000000 0.000000 25.000000 

Position: 40.000000 0.000000 20.000000 

Position: 40.000000 0.000000 20.000000 

Position: -40.000000 0.000000 25.000000 

Position: -40.000000 0.000000 20.000000 


Name of mesh: Room36Collision2                                                                                    
Vertex count: 36

Collision: 1
Static mesh: 1



Position: 35.000000 7.000000 25.000000 

Position: 40.000000 7.000000 25.000000 

Position: 40.000000 7.000000 -25.000000 

Position: 40.000000 7.000000 -25.000000 

Position: 35.000000 7.000000 -25.000000 

Position: 35.000000 7.000000 25.000000 

Position: 35.000000 0.000000 -25.000000 

Position: 35.000000 0.000000 25.000000 

Position: 35.000000 7.000000 25.000000 

Position: 35.000000 7.000000 25.000000 

Position: 35.000000 7.000000 -25.000000 

Position: 35.000000 0.000000 -25.000000 

Position: 35.000000 0.000000 25.000000 

Position: 40.000000 0.000000 25.000000 

Position: 40.000000 7.000000 25.000000 

Position: 40.000000 7.000000 25.000000 

Position: 35.000000 7.000000 25.000000 

Position: 35.000000 0.000000 25.000000 

Position: 40.000000 0.000000 25.000000 

Position: 40.000000 0.000000 -25.000000 

Position: 40.000000 7.000000 -25.000000 

Position: 40.000000 7.000000 -25.000000 

Position: 40.000000 7.000000 25.000000 

Position: 40.000000 0.000000 25.000000 

Position: 40.000000 0.000000 -25.000000 

Position: 35.000000 0.000000 -25.000000 

Position: 35.000000 7.000000 -25.000000 

Position: 35.000000 7.000000 -25.000000 

Position: 40.000000 7.000000 -25.000000 

Position: 40.000000 0.000000 -25.000000 

Position: 35.000000 0.000000 25.000000 

Position: 35.000000 0.000000 -25.000000 

Position: 40.000000 0.000000 25.000000 

Position: 40.000000 0.000000 25.000000 

Position: 35.000000 0.000000 -25.000000 

Position: 40.000000 0.000000 -25.000000 


Name of mesh: Room36Collision3                                                                                    
Vertex count: 36

Collision: 1
Static mesh: 1



Position: -40.000000 7.000000 25.000000 

Position: -35.000000 7.000000 25.000000 

Position: -35.000000 7.000000 -25.000000 

Position: -35.000000 7.000000 -25.000000 

Position: -40.000000 7.000000 -25.000000 

Position: -40.000000 7.000000 25.000000 

Position: -40.000000 0.000000 -25.000000 

Position: -40.000000 0.000000 25.000000 

Position: -40.000000 7.000000 25.000000 

Position: -40.000000 7.000000 25.000000 

Position: -40.000000 7.000000 -25.000000 

Position: -40.000000 0.000000 -25.000000 

Position: -40.000000 0.000000 25.000000 

Position: -35.000000 0.000000 25.000000 

Position: -35.000000 7.000000 25.000000 

Position: -35.000000 7.000000 25.000000 

Position: -40.000000 7.000000 25.000000 

Position: -40.000000 0.000000 25.000000 

Position: -35.000000 0.000000 25.000000 

Position: -35.000000 0.000000 -25.000000 

Position: -35.000000 7.000000 -25.000000 

Position: -35.000000 7.000000 -25.000000 

Position: -35.000000 7.000000 25.000000 

Position: -35.000000 0.000000 25.000000 

Position: -35.000000 0.000000 -25.000000 

Position: -40.000000 0.000000 -25.000000 

Position: -40.000000 7.000000 -25.000000 

Position: -40.000000 7.000000 -25.000000 

Position: -35.000000 7.000000 -25.000000 

Position: -35.000000 0.000000 -25.000000 

Position: -40.000000 0.000000 25.000000 

Position: -40.000000 0.000000 -25.000000 

Position: -35.000000 0.000000 25.000000 

Position: -35.000000 0.000000 25.000000 

Position: -40.000000 0.000000 -25.000000 

Position: -35.000000 0.000000 -25.000000 


Name of mesh: Room36Collision4                                                                                    
Vertex count: 36

Collision: 1
Static mesh: 1



Position: -40.000000 7.000000 -20.000000 

Position: -5.000000 7.000000 -20.000000 

Position: -5.000000 7.000000 -25.000000 

Position: -5.000000 7.000000 -25.000000 

Position: -40.000000 7.000000 -25.000000 

Position: -40.000000 7.000000 -20.000000 

Position: -40.000000 0.000000 -25.000000 

Position: -40.000000 0.000000 -20.000000 

Position: -40.000000 7.000000 -20.000000 

Position: -40.000000 7.000000 -20.000000 

Position: -40.000000 7.000000 -25.000000 

Position: -40.000000 0.000000 -25.000000 

Position: -40.000000 0.000000 -20.000000 

Position: -5.000000 0.000000 -20.000000 

Position: -5.000000 7.000000 -20.000000 

Position: -5.000000 7.000000 -20.000000 

Position: -40.000000 7.000000 -20.000000 

Position: -40.000000 0.000000 -20.000000 

Position: -5.000000 0.000000 -20.000000 

Position: -5.000000 0.000000 -25.000000 

Position: -5.000000 7.000000 -25.000000 

Position: -5.000000 7.000000 -25.000000 

Position: -5.000000 7.000000 -20.000000 

Position: -5.000000 0.000000 -20.000000 

Position: -5.000000 0.000000 -25.000000 

Position: -40.000000 0.000000 -25.000000 

Position: -40.000000 7.000000 -25.000000 

Position: -40.000000 7.000000 -25.000000 

Position: -5.000000 7.000000 -25.000000 

Position: -5.000000 0.000000 -25.000000 

Position: -5.000000 0.000000 -20.000000 

Position: -40.000000 0.000000 -20.000000 

Position: -5.000000 0.000000 -25.000000 

Position: -5.000000 0.000000 -25.000000 

Position: -40.000000 0.000000 -20.000000 

Position: -40.000000 0.000000 -25.000000 


Name of mesh: Room36Collision5                                                                                    
Vertex count: 36

Collision: 1
Static mesh: 1



Position: 5.000000 7.000000 -20.000000 

Position: 40.000000 7.000000 -20.000000 

Position: 40.000000 7.000000 -25.000000 

Position: 40.000000 7.000000 -25.000000 

Position: 5.000000 7.000000 -25.000000 

Position: 5.000000 7.000000 -20.000000 

Position: 5.000000 0.000000 -25.000000 

Position: 5.000000 0.000000 -20.000000 

Position: 5.000000 7.000000 -20.000000 

Position: 5.000000 7.000000 -20.000000 

Position: 5.000000 7.000000 -25.000000 

Position: 5.000000 0.000000 -25.000000 

Position: 5.000000 0.000000 -20.000000 

Position: 40.000000 0.000000 -20.000000 

Position: 40.000000 7.000000 -20.000000 

Position: 40.000000 7.000000 -20.000000 

Position: 5.000000 7.000000 -20.000000 

Position: 5.000000 0.000000 -20.000000 

Position: 40.000000 0.000000 -20.000000 

Position: 40.000000 0.000000 -25.000000 

Position: 40.000000 7.000000 -25.000000 

Position: 40.000000 7.000000 -25.000000 

Position: 40.000000 7.000000 -20.000000 

Position: 40.000000 0.000000 -20.000000 

Position: 40.000000 0.000000 -25.000000 

Position: 5.000000 0.000000 -25.000000 

Position: 5.000000 7.000000 -25.000000 

Position: 5.000000 7.000000 -25.000000 

Position: 40.000000 7.000000 -25.000000 

Position: 40.000000 0.000000 -25.000000 

Position: 40.000000 0.000000 -20.000000 

Position: 5.000000 0.000000 -20.000000 

Position: 40.000000 0.000000 -25.000000 

Position: 40.000000 0.000000 -25.000000 

Position: 5.000000 0.000000 -20.000000 

Position: 5.000000 0.000000 -25.000000 


