Version: 3
Nr of dynamic meshes: 0
Nr of static meshes: 1
Nr of bounding boxes: 6
Nr of materials: 1

Name of mesh: Room34Mesh                                                                                          
Vertex count: 234
Material ID: 50
Collision: 0
Static mesh: 1



Position: -40.000000 7.000000 -175.000000 
UV: 0.020600 0.986400 
normal: 0.000000 1.000000 -0.000000 

Position: -36.400002 7.000000 -171.000000 
UV: 0.051400 0.952100 
normal: 0.000000 1.000000 -0.000000 

Position: 36.400002 7.000000 -171.000000 
UV: 0.675400 0.952100 
normal: 0.000000 1.000000 -0.000000 

Position: 36.400002 7.000000 -171.000000 
UV: 0.675400 0.952100 
normal: 0.000000 1.000000 -0.000000 

Position: 40.000000 7.000000 -175.000000 
UV: 0.706300 0.986400 
normal: 0.000000 1.000000 -0.000000 

Position: -40.000000 7.000000 -175.000000 
UV: 0.020600 0.986400 
normal: 0.000000 1.000000 -0.000000 

Position: -40.000000 0.000000 -175.000000 
UV: 0.523600 0.455900 
normal: 0.000000 0.000000 -1.000000 

Position: -40.000000 5.950000 -175.000000 
UV: 0.523600 0.478800 
normal: 0.000000 0.000000 -1.000000 

Position: 40.000000 5.950000 -175.000000 
UV: 0.216400 0.478800 
normal: 0.000000 0.000000 -1.000000 

Position: 40.000000 5.950000 -175.000000 
UV: 0.216400 0.478800 
normal: 0.000000 0.000000 -1.000000 

Position: 40.000000 0.000000 -175.000000 
UV: 0.216400 0.455900 
normal: 0.000000 0.000000 -1.000000 

Position: -40.000000 0.000000 -175.000000 
UV: 0.523600 0.455900 
normal: 0.000000 0.000000 -1.000000 

Position: 35.000000 0.000000 -170.000000 
UV: 0.896600 0.972100 
normal: -0.000000 0.000000 1.000000 

Position: 35.000000 5.950000 -170.000000 
UV: 0.852300 0.972100 
normal: -0.000000 0.000000 1.000000 

Position: -35.000000 5.950000 -170.000000 
UV: 0.852300 0.581000 
normal: -0.000000 0.000000 1.000000 

Position: -35.000000 5.950000 -170.000000 
UV: 0.852300 0.581000 
normal: -0.000000 0.000000 1.000000 

Position: -35.000000 0.000000 -170.000000 
UV: 0.896600 0.581000 
normal: -0.000000 0.000000 1.000000 

Position: 35.000000 0.000000 -170.000000 
UV: 0.896600 0.972100 
normal: -0.000000 0.000000 1.000000 

Position: -36.400002 7.000000 -129.000000 
UV: 0.050200 0.616300 
normal: 0.000000 1.000000 -0.000000 

Position: -40.000000 7.000000 -125.000000 
UV: 0.019100 0.583500 
normal: 0.000000 1.000000 -0.000000 

Position: 40.000000 7.000000 -125.000000 
UV: 0.708800 0.583500 
normal: 0.000000 1.000000 -0.000000 

Position: 40.000000 7.000000 -125.000000 
UV: 0.708800 0.583500 
normal: 0.000000 1.000000 -0.000000 

Position: 36.400002 7.000000 -129.000000 
UV: 0.677800 0.616300 
normal: 0.000000 1.000000 -0.000000 

Position: -36.400002 7.000000 -129.000000 
UV: 0.050200 0.616300 
normal: 0.000000 1.000000 -0.000000 

Position: -35.000000 0.000000 -130.000000 
UV: 0.822500 0.974600 
normal: 0.000000 0.000000 -1.000000 

Position: -35.000000 5.950000 -130.000000 
UV: 0.778200 0.974600 
normal: 0.000000 0.000000 -1.000000 

Position: 35.000000 5.950000 -130.000000 
UV: 0.778200 0.583600 
normal: 0.000000 0.000000 -1.000000 

Position: 35.000000 5.950000 -130.000000 
UV: 0.778200 0.583600 
normal: 0.000000 0.000000 -1.000000 

Position: 35.000000 0.000000 -130.000000 
UV: 0.822500 0.583600 
normal: 0.000000 0.000000 -1.000000 

Position: -35.000000 0.000000 -130.000000 
UV: 0.822500 0.974600 
normal: 0.000000 0.000000 -1.000000 

Position: -40.000000 7.000000 -125.000000 
UV: 0.094700 0.533400 
normal: -0.000000 0.000000 1.000000 

Position: -40.000000 5.950000 -125.000000 
UV: 0.094700 0.527200 
normal: -0.000000 0.000000 1.000000 

Position: 40.000000 5.950000 -125.000000 
UV: 0.451600 0.527200 
normal: -0.000000 0.000000 1.000000 

Position: 40.000000 5.950000 -125.000000 
UV: 0.451600 0.527200 
normal: -0.000000 0.000000 1.000000 

Position: 40.000000 7.000000 -125.000000 
UV: 0.440900 0.533400 
normal: -0.000000 0.000000 1.000000 

Position: -40.000000 7.000000 -125.000000 
UV: 0.094700 0.533400 
normal: -0.000000 0.000000 1.000000 

Position: 40.000000 0.000000 -175.000000 
UV: 0.667900 0.401500 
normal: 0.000000 1.000000 -0.000000 

Position: -40.000000 0.000000 -175.000000 
UV: 0.072100 0.401500 
normal: 0.000000 1.000000 -0.000000 

Position: -40.000000 0.000000 -125.000000 
UV: 0.072100 0.029100 
normal: 0.000000 1.000000 -0.000000 

Position: 40.000000 0.000000 -125.000000 
UV: 0.667900 0.029100 
normal: 0.000000 1.000000 -0.000000 

Position: 40.000000 0.000000 -175.000000 
UV: 0.667900 0.401500 
normal: 0.000000 1.000000 -0.000000 

Position: -40.000000 0.000000 -125.000000 
UV: 0.072100 0.029100 
normal: 0.000000 1.000000 -0.000000 

Position: -40.000000 7.000000 -175.000000 
UV: 0.523600 0.482800 
normal: 0.000000 0.000000 -1.000000 

Position: 40.000000 7.000000 -175.000000 
UV: 0.216400 0.482800 
normal: 0.000000 0.000000 -1.000000 

Position: 40.000000 5.950000 -175.000000 
UV: 0.216400 0.478800 
normal: 0.000000 0.000000 -1.000000 

Position: 40.000000 5.950000 -175.000000 
UV: 0.216400 0.478800 
normal: 0.000000 0.000000 -1.000000 

Position: -40.000000 5.950000 -175.000000 
UV: 0.523600 0.478800 
normal: 0.000000 0.000000 -1.000000 

Position: -40.000000 7.000000 -175.000000 
UV: 0.523600 0.482800 
normal: 0.000000 0.000000 -1.000000 

Position: 36.400002 7.000000 -171.000000 
UV: 0.675400 0.952100 
normal: -0.000000 0.689698 0.724097 

Position: -36.400002 7.000000 -171.000000 
UV: 0.051400 0.952100 
normal: -0.000000 0.689698 0.724097 

Position: -35.000000 5.950000 -170.000000 
UV: 0.063400 0.943600 
normal: -0.000000 0.689698 0.724097 

Position: -35.000000 5.950000 -170.000000 
UV: 0.063400 0.943600 
normal: -0.000000 0.689698 0.724097 

Position: 35.000000 5.950000 -170.000000 
UV: 0.663400 0.943600 
normal: -0.000000 0.689698 0.724097 

Position: 36.400002 7.000000 -171.000000 
UV: 0.675400 0.952100 
normal: -0.000000 0.689698 0.724097 

Position: -36.400002 7.000000 -129.000000 
UV: 0.050200 0.616300 
normal: 0.000000 0.689698 -0.724097 

Position: 36.400002 7.000000 -129.000000 
UV: 0.677800 0.616300 
normal: 0.000000 0.689698 -0.724097 

Position: 35.000000 5.950000 -130.000000 
UV: 0.665700 0.627300 
normal: 0.000000 0.689698 -0.724097 

Position: 35.000000 5.950000 -130.000000 
UV: 0.665700 0.627300 
normal: 0.000000 0.689698 -0.724097 

Position: -35.000000 5.950000 -130.000000 
UV: 0.062200 0.627300 
normal: 0.000000 0.689698 -0.724097 

Position: -36.400002 7.000000 -129.000000 
UV: 0.050200 0.616300 
normal: 0.000000 0.689698 -0.724097 

Position: -40.000000 0.000000 -125.000000 
UV: 0.094700 0.492300 
normal: -0.000000 0.000000 1.000000 

Position: 40.000000 0.000000 -125.000000 
UV: 0.459900 0.492300 
normal: -0.000000 0.000000 1.000000 

Position: 40.000000 5.950000 -125.000000 
UV: 0.459900 0.527200 
normal: -0.000000 0.000000 1.000000 

Position: 40.000000 5.950000 -125.000000 
UV: 0.459900 0.527200 
normal: -0.000000 0.000000 1.000000 

Position: -40.000000 5.950000 -125.000000 
UV: 0.094700 0.527200 
normal: -0.000000 0.000000 1.000000 

Position: -40.000000 0.000000 -125.000000 
UV: 0.094700 0.492300 
normal: -0.000000 0.000000 1.000000 

Position: -40.000000 0.000000 -125.000000 
UV: 0.303700 0.416800 
normal: -1.000000 0.000000 -0.000000 

Position: -40.000000 5.950000 -125.000000 
UV: 0.303700 0.444300 
normal: -1.000000 0.000000 -0.000000 

Position: -40.000000 5.950000 -144.998993 
UV: 0.206500 0.444300 
normal: -1.000000 0.000000 -0.000000 

Position: -40.000000 5.950000 -144.998993 
UV: 0.206500 0.444300 
normal: -1.000000 0.000000 -0.000000 

Position: -40.000000 0.000000 -144.998993 
UV: 0.206500 0.416800 
normal: -1.000000 0.000000 -0.000000 

Position: -40.000000 0.000000 -125.000000 
UV: 0.303700 0.416800 
normal: -1.000000 0.000000 -0.000000 

Position: -40.000000 5.950000 -175.000000 
UV: 0.073300 0.444300 
normal: -1.000000 0.000000 -0.000000 

Position: -40.000000 0.000000 -175.000000 
UV: 0.073300 0.416800 
normal: -1.000000 0.000000 -0.000000 

Position: -40.000000 0.000000 -155.000000 
UV: 0.170500 0.416800 
normal: -1.000000 0.000000 -0.000000 

Position: -40.000000 0.000000 -155.000000 
UV: 0.170500 0.416800 
normal: -1.000000 0.000000 -0.000000 

Position: -40.000000 5.950000 -155.000000 
UV: 0.170500 0.444300 
normal: -1.000000 0.000000 -0.000000 

Position: -40.000000 5.950000 -175.000000 
UV: 0.073300 0.444300 
normal: -1.000000 0.000000 -0.000000 

Position: -40.000000 7.000000 -143.998795 
UV: 0.019100 0.739300 
normal: 0.000000 1.000000 -0.000000 

Position: -40.000000 7.000000 -125.000000 
UV: 0.019100 0.583500 
normal: 0.000000 1.000000 -0.000000 

Position: -36.400002 7.000000 -129.000000 
UV: 0.050200 0.616300 
normal: 0.000000 1.000000 -0.000000 

Position: -36.400002 7.000000 -129.000000 
UV: 0.050200 0.616300 
normal: 0.000000 1.000000 -0.000000 

Position: -36.400002 7.000000 -144.000900 
UV: 0.050200 0.739300 
normal: 0.000000 1.000000 -0.000000 

Position: -40.000000 7.000000 -143.998795 
UV: 0.019100 0.739300 
normal: 0.000000 1.000000 -0.000000 

Position: -36.400002 7.000000 -171.000000 
UV: 0.051400 0.952100 
normal: 0.000000 1.000000 -0.000000 

Position: -40.000000 7.000000 -175.000000 
UV: 0.020600 0.986400 
normal: 0.000000 1.000000 -0.000000 

Position: -40.000000 7.000000 -156.000000 
UV: 0.020600 0.823600 
normal: 0.000000 1.000000 -0.000000 

Position: -40.000000 7.000000 -156.000000 
UV: 0.020600 0.823600 
normal: 0.000000 1.000000 -0.000000 

Position: -36.400002 7.000000 -156.000000 
UV: 0.051400 0.823600 
normal: 0.000000 1.000000 -0.000000 

Position: -36.400002 7.000000 -171.000000 
UV: 0.051400 0.952100 
normal: 0.000000 1.000000 -0.000000 

Position: 35.000000 5.950000 -170.000000 
UV: 0.941100 0.373200 
normal: -1.000000 0.000000 -0.000000 

Position: 35.000000 0.000000 -170.000000 
UV: 0.985400 0.373200 
normal: -1.000000 0.000000 -0.000000 

Position: 35.000000 0.000000 -155.000000 
UV: 0.985400 0.498900 
normal: -1.000000 0.000000 -0.000000 

Position: 35.000000 0.000000 -155.000000 
UV: 0.985400 0.498900 
normal: -1.000000 0.000000 -0.000000 

Position: 35.000000 5.950000 -155.000000 
UV: 0.941100 0.498900 
normal: -1.000000 0.000000 -0.000000 

Position: 35.000000 5.950000 -170.000000 
UV: 0.941100 0.373200 
normal: -1.000000 0.000000 -0.000000 

Position: 35.000000 0.000000 -130.000000 
UV: 0.985400 0.671100 
normal: -1.000000 0.000000 -0.000000 

Position: 35.000000 5.950000 -130.000000 
UV: 0.941100 0.671100 
normal: -1.000000 0.000000 -0.000000 

Position: 35.000000 5.950000 -145.001099 
UV: 0.941100 0.545500 
normal: -1.000000 0.000000 -0.000000 

Position: 35.000000 5.950000 -145.001099 
UV: 0.941100 0.545500 
normal: -1.000000 0.000000 -0.000000 

Position: 35.000000 0.000000 -145.001099 
UV: 0.985400 0.545500 
normal: -1.000000 0.000000 -0.000000 

Position: 35.000000 0.000000 -130.000000 
UV: 0.985400 0.671100 
normal: -1.000000 0.000000 -0.000000 

Position: 40.000000 7.000000 -156.000000 
UV: 0.706300 0.823600 
normal: 0.000000 1.000000 -0.000000 

Position: 40.000000 7.000000 -175.000000 
UV: 0.706300 0.986400 
normal: 0.000000 1.000000 -0.000000 

Position: 36.400002 7.000000 -171.000000 
UV: 0.675400 0.952100 
normal: 0.000000 1.000000 -0.000000 

Position: 36.400002 7.000000 -171.000000 
UV: 0.675400 0.952100 
normal: 0.000000 1.000000 -0.000000 

Position: 36.400002 7.000000 -156.000000 
UV: 0.675400 0.823600 
normal: 0.000000 1.000000 -0.000000 

Position: 40.000000 7.000000 -156.000000 
UV: 0.706300 0.823600 
normal: 0.000000 1.000000 -0.000000 

Position: 36.400002 7.000000 -129.000000 
UV: 0.677800 0.616300 
normal: 0.000000 1.000000 -0.000000 

Position: 40.000000 7.000000 -125.000000 
UV: 0.708800 0.583500 
normal: 0.000000 1.000000 -0.000000 

Position: 40.000000 7.000000 -143.998795 
UV: 0.708800 0.739300 
normal: 0.000000 1.000000 -0.000000 

Position: 40.000000 7.000000 -143.998795 
UV: 0.708800 0.739300 
normal: 0.000000 1.000000 -0.000000 

Position: 36.400002 7.000000 -144.000900 
UV: 0.677800 0.739300 
normal: 0.000000 1.000000 -0.000000 

Position: 36.400002 7.000000 -129.000000 
UV: 0.677800 0.616300 
normal: 0.000000 1.000000 -0.000000 

Position: -35.000000 5.950000 -130.000000 
UV: 0.942600 0.683200 
normal: 1.000000 0.000000 0.000000 

Position: -35.000000 0.000000 -130.000000 
UV: 0.987000 0.683200 
normal: 1.000000 0.000000 0.000000 

Position: -35.000000 0.000000 -145.001099 
UV: 0.987000 0.808800 
normal: 1.000000 0.000000 0.000000 

Position: -35.000000 0.000000 -145.001099 
UV: 0.987000 0.808800 
normal: 1.000000 0.000000 0.000000 

Position: -35.000000 5.950000 -145.001099 
UV: 0.942600 0.808800 
normal: 1.000000 0.000000 0.000000 

Position: -35.000000 5.950000 -130.000000 
UV: 0.942600 0.683200 
normal: 1.000000 0.000000 0.000000 

Position: -35.000000 0.000000 -170.000000 
UV: 0.987000 0.981100 
normal: 1.000000 0.000000 0.000000 

Position: -35.000000 5.950000 -170.000000 
UV: 0.942600 0.981100 
normal: 1.000000 0.000000 0.000000 

Position: -35.000000 5.950000 -155.000000 
UV: 0.942600 0.855400 
normal: 1.000000 0.000000 0.000000 

Position: -35.000000 5.950000 -155.000000 
UV: 0.942600 0.855400 
normal: 1.000000 0.000000 0.000000 

Position: -35.000000 0.000000 -155.000000 
UV: 0.987000 0.855400 
normal: 1.000000 0.000000 0.000000 

Position: -35.000000 0.000000 -170.000000 
UV: 0.987000 0.981100 
normal: 1.000000 0.000000 0.000000 

Position: 40.000000 5.950000 -125.000000 
UV: 0.427900 0.438700 
normal: 1.000000 0.000000 0.000000 

Position: 40.000000 0.000000 -125.000000 
UV: 0.427900 0.413000 
normal: 1.000000 0.000000 0.000000 

Position: 40.000000 0.000000 -144.998993 
UV: 0.519000 0.413000 
normal: 1.000000 0.000000 0.000000 

Position: 40.000000 0.000000 -144.998993 
UV: 0.519000 0.413000 
normal: 1.000000 0.000000 0.000000 

Position: 40.000000 5.950000 -144.998993 
UV: 0.519000 0.438700 
normal: 1.000000 0.000000 0.000000 

Position: 40.000000 5.950000 -125.000000 
UV: 0.427900 0.438700 
normal: 1.000000 0.000000 0.000000 

Position: 40.000000 0.000000 -175.000000 
UV: 0.643900 0.413000 
normal: 1.000000 0.000000 0.000000 

Position: 40.000000 5.950000 -175.000000 
UV: 0.643900 0.438700 
normal: 1.000000 0.000000 0.000000 

Position: 40.000000 5.950000 -155.000000 
UV: 0.552800 0.438700 
normal: 1.000000 0.000000 0.000000 

Position: 40.000000 5.950000 -155.000000 
UV: 0.552800 0.438700 
normal: 1.000000 0.000000 0.000000 

Position: 40.000000 0.000000 -155.000000 
UV: 0.552800 0.413000 
normal: 1.000000 0.000000 0.000000 

Position: 40.000000 0.000000 -175.000000 
UV: 0.643900 0.413000 
normal: 1.000000 0.000000 0.000000 

Position: -40.000000 7.000000 -175.000000 
UV: 0.073300 0.449100 
normal: -1.000000 0.000000 -0.000000 

Position: -40.000000 5.950000 -175.000000 
UV: 0.073300 0.444300 
normal: -1.000000 0.000000 -0.000000 

Position: -40.000000 5.950000 -155.000000 
UV: 0.170500 0.444300 
normal: -1.000000 0.000000 -0.000000 

Position: -40.000000 5.950000 -155.000000 
UV: 0.170500 0.444300 
normal: -1.000000 0.000000 -0.000000 

Position: -40.000000 7.000000 -156.000000 
UV: 0.170500 0.449100 
normal: -1.000000 0.000000 -0.000000 

Position: -40.000000 7.000000 -175.000000 
UV: 0.073300 0.449100 
normal: -1.000000 0.000000 -0.000000 

Position: -40.000000 5.950000 -125.000000 
UV: 0.303700 0.444300 
normal: -1.000000 0.000000 -0.000000 

Position: -40.000000 7.000000 -125.000000 
UV: 0.303700 0.449100 
normal: -1.000000 0.000000 -0.000000 

Position: -40.000000 7.000000 -143.998795 
UV: 0.206500 0.449100 
normal: -1.000000 0.000000 -0.000000 

Position: -40.000000 7.000000 -143.998795 
UV: 0.206500 0.449100 
normal: -1.000000 0.000000 -0.000000 

Position: -40.000000 5.950000 -144.998993 
UV: 0.206500 0.444300 
normal: -1.000000 0.000000 -0.000000 

Position: -40.000000 5.950000 -125.000000 
UV: 0.303700 0.444300 
normal: -1.000000 0.000000 -0.000000 

Position: 36.400002 7.000000 -156.000000 
UV: 0.675400 0.823600 
normal: -0.600000 0.800000 -0.000000 

Position: 36.400002 7.000000 -171.000000 
UV: 0.675400 0.952100 
normal: -0.600000 0.800000 -0.000000 

Position: 35.000000 5.950000 -170.000000 
UV: 0.663400 0.943600 
normal: -0.600000 0.800000 -0.000000 

Position: 35.000000 5.950000 -170.000000 
UV: 0.663400 0.943600 
normal: -0.600000 0.800000 -0.000000 

Position: 35.000000 5.950000 -155.000000 
UV: 0.663400 0.815000 
normal: -0.600000 0.800000 -0.000000 

Position: 36.400002 7.000000 -156.000000 
UV: 0.675400 0.823600 
normal: -0.600000 0.800000 -0.000000 

Position: 35.000000 5.950000 -130.000000 
UV: 0.665700 0.627300 
normal: -0.600000 0.800000 -0.000000 

Position: 36.400002 7.000000 -129.000000 
UV: 0.677800 0.616300 
normal: -0.600000 0.800000 -0.000000 

Position: 36.400002 7.000000 -144.000900 
UV: 0.677800 0.739300 
normal: -0.600000 0.800000 -0.000000 

Position: 36.400002 7.000000 -144.000900 
UV: 0.677800 0.739300 
normal: -0.600000 0.800000 -0.000000 

Position: 35.000000 5.950000 -145.001099 
UV: 0.665700 0.750300 
normal: -0.600000 0.800000 -0.000000 

Position: 35.000000 5.950000 -130.000000 
UV: 0.665700 0.627300 
normal: -0.600000 0.800000 -0.000000 

Position: -36.400002 7.000000 -144.000900 
UV: 0.050200 0.739300 
normal: 0.600000 0.800000 0.000000 

Position: -36.400002 7.000000 -129.000000 
UV: 0.050200 0.616300 
normal: 0.600000 0.800000 0.000000 

Position: -35.000000 5.950000 -130.000000 
UV: 0.062200 0.627300 
normal: 0.600000 0.800000 0.000000 

Position: -35.000000 5.950000 -130.000000 
UV: 0.062200 0.627300 
normal: 0.600000 0.800000 0.000000 

Position: -35.000000 5.950000 -145.001099 
UV: 0.062200 0.750300 
normal: 0.600000 0.800000 0.000000 

Position: -36.400002 7.000000 -144.000900 
UV: 0.050200 0.739300 
normal: 0.600000 0.800000 0.000000 

Position: -35.000000 5.950000 -170.000000 
UV: 0.063400 0.943600 
normal: 0.600000 0.800000 0.000000 

Position: -36.400002 7.000000 -171.000000 
UV: 0.051400 0.952100 
normal: 0.600000 0.800000 0.000000 

Position: -36.400002 7.000000 -156.000000 
UV: 0.051400 0.823600 
normal: 0.600000 0.800000 0.000000 

Position: -36.400002 7.000000 -156.000000 
UV: 0.051400 0.823600 
normal: 0.600000 0.800000 0.000000 

Position: -35.000000 5.950000 -155.000000 
UV: 0.063400 0.815000 
normal: 0.600000 0.800000 0.000000 

Position: -35.000000 5.950000 -170.000000 
UV: 0.063400 0.943600 
normal: 0.600000 0.800000 0.000000 

Position: 40.000000 7.000000 -125.000000 
UV: 0.427900 0.443200 
normal: 1.000000 0.000000 0.000000 

Position: 40.000000 5.950000 -125.000000 
UV: 0.427900 0.438700 
normal: 1.000000 0.000000 0.000000 

Position: 40.000000 5.950000 -144.998993 
UV: 0.519000 0.438700 
normal: 1.000000 0.000000 0.000000 

Position: 40.000000 5.950000 -144.998993 
UV: 0.519000 0.438700 
normal: 1.000000 0.000000 0.000000 

Position: 40.000000 7.000000 -143.998795 
UV: 0.519000 0.443200 
normal: 1.000000 0.000000 0.000000 

Position: 40.000000 7.000000 -125.000000 
UV: 0.427900 0.443200 
normal: 1.000000 0.000000 0.000000 

Position: 40.000000 5.950000 -175.000000 
UV: 0.643900 0.438700 
normal: 1.000000 0.000000 0.000000 

Position: 40.000000 7.000000 -175.000000 
UV: 0.643900 0.443200 
normal: 1.000000 0.000000 0.000000 

Position: 40.000000 7.000000 -156.000000 
UV: 0.552800 0.443200 
normal: 1.000000 0.000000 0.000000 

Position: 40.000000 7.000000 -156.000000 
UV: 0.552800 0.443200 
normal: 1.000000 0.000000 0.000000 

Position: 40.000000 5.950000 -155.000000 
UV: 0.552800 0.438700 
normal: 1.000000 0.000000 0.000000 

Position: 40.000000 5.950000 -175.000000 
UV: 0.643900 0.438700 
normal: 1.000000 0.000000 0.000000 

Position: -40.000000 7.000000 -143.998795 
UV: 0.019100 0.739300 
normal: -0.000400 0.689493 -0.724293 

Position: -36.400002 7.000000 -144.000900 
UV: 0.050200 0.739300 
normal: -0.000400 0.689493 -0.724293 

Position: -35.000000 5.950000 -145.001099 
UV: 0.062200 0.750300 
normal: -0.000400 0.689493 -0.724293 

Position: -35.000000 5.950000 -145.001099 
UV: 0.062200 0.750300 
normal: -0.000300 0.689698 -0.724097 

Position: -40.000000 5.950000 -144.998993 
UV: 0.019100 0.750300 
normal: -0.000300 0.689698 -0.724097 

Position: -40.000000 7.000000 -143.998795 
UV: 0.019100 0.739300 
normal: -0.000300 0.689698 -0.724097 

Position: -36.400002 7.000000 -156.000000 
UV: 0.051400 0.823600 
normal: -0.000000 0.689698 0.724097 

Position: -40.000000 7.000000 -156.000000 
UV: 0.020600 0.823600 
normal: -0.000000 0.689698 0.724097 

Position: -40.000000 5.950000 -155.000000 
UV: 0.020600 0.815000 
normal: -0.000000 0.689698 0.724097 

Position: -40.000000 5.950000 -155.000000 
UV: 0.020600 0.815000 
normal: -0.000000 0.689698 0.724097 

Position: -35.000000 5.950000 -155.000000 
UV: 0.063400 0.815000 
normal: -0.000000 0.689698 0.724097 

Position: -36.400002 7.000000 -156.000000 
UV: 0.051400 0.823600 
normal: -0.000000 0.689698 0.724097 

Position: 40.000000 7.000000 -156.000000 
UV: 0.706300 0.823600 
normal: 0.000000 0.689698 0.724097 

Position: 36.400002 7.000000 -156.000000 
UV: 0.675400 0.823600 
normal: 0.000000 0.689698 0.724097 

Position: 35.000000 5.950000 -155.000000 
UV: 0.663400 0.815000 
normal: 0.000000 0.689698 0.724097 

Position: 35.000000 5.950000 -155.000000 
UV: 0.663400 0.815000 
normal: 0.000000 0.689698 0.724097 

Position: 40.000000 5.950000 -155.000000 
UV: 0.706300 0.815000 
normal: 0.000000 0.689698 0.724097 

Position: 40.000000 7.000000 -156.000000 
UV: 0.706300 0.823600 
normal: 0.000000 0.689698 0.724097 

Position: 36.400002 7.000000 -144.000900 
UV: 0.677800 0.739300 
normal: 0.000400 0.689698 -0.724097 

Position: 40.000000 7.000000 -143.998795 
UV: 0.708800 0.739300 
normal: 0.000400 0.689698 -0.724097 

Position: 40.000000 5.950000 -144.998993 
UV: 0.708800 0.750300 
normal: 0.000400 0.689698 -0.724097 

Position: 40.000000 5.950000 -144.998993 
UV: 0.708800 0.750300 
normal: 0.000300 0.689543 -0.724245 

Position: 35.000000 5.950000 -145.001099 
UV: 0.665700 0.750300 
normal: 0.000300 0.689543 -0.724245 

Position: 36.400002 7.000000 -144.000900 
UV: 0.677800 0.739300 
normal: 0.000300 0.689543 -0.724245 

Position: -40.000000 5.950000 -144.998993 
UV: 0.943700 0.112900 
normal: -0.000400 0.000000 -1.000000 

Position: -35.000000 5.950000 -145.001099 
UV: 0.908100 0.112900 
normal: -0.000400 0.000000 -1.000000 

Position: -35.000000 0.000000 -145.001099 
UV: 0.908100 0.070500 
normal: -0.000400 0.000000 -1.000000 

Position: -35.000000 0.000000 -145.001099 
UV: 0.908100 0.070500 
normal: -0.000400 0.000000 -1.000000 

Position: -40.000000 0.000000 -144.998993 
UV: 0.943700 0.070500 
normal: -0.000400 0.000000 -1.000000 

Position: -40.000000 5.950000 -144.998993 
UV: 0.943700 0.112900 
normal: -0.000400 0.000000 -1.000000 

Position: -35.000000 5.950000 -155.000000 
UV: 0.942900 0.064100 
normal: -0.000000 0.000000 1.000000 

Position: -40.000000 5.950000 -155.000000 
UV: 0.907400 0.064100 
normal: -0.000000 0.000000 1.000000 

Position: -40.000000 0.000000 -155.000000 
UV: 0.907400 0.021800 
normal: -0.000000 0.000000 1.000000 

Position: -40.000000 0.000000 -155.000000 
UV: 0.907400 0.021800 
normal: -0.000000 0.000000 1.000000 

Position: -35.000000 0.000000 -155.000000 
UV: 0.942900 0.021800 
normal: -0.000000 0.000000 1.000000 

Position: -35.000000 5.950000 -155.000000 
UV: 0.942900 0.064100 
normal: -0.000000 0.000000 1.000000 

Position: 40.000000 5.950000 -155.000000 
UV: 0.892600 0.113600 
normal: 0.000000 0.000000 1.000000 

Position: 35.000000 5.950000 -155.000000 
UV: 0.857100 0.113600 
normal: 0.000000 0.000000 1.000000 

Position: 35.000000 0.000000 -155.000000 
UV: 0.857100 0.071300 
normal: 0.000000 0.000000 1.000000 

Position: 35.000000 0.000000 -155.000000 
UV: 0.857100 0.071300 
normal: 0.000000 0.000000 1.000000 

Position: 40.000000 0.000000 -155.000000 
UV: 0.892600 0.071300 
normal: 0.000000 0.000000 1.000000 

Position: 40.000000 5.950000 -155.000000 
UV: 0.892600 0.113600 
normal: 0.000000 0.000000 1.000000 

Position: 35.000000 5.950000 -145.001099 
UV: 0.891900 0.064800 
normal: 0.000400 0.000000 -1.000000 

Position: 40.000000 5.950000 -144.998993 
UV: 0.856300 0.064800 
normal: 0.000400 0.000000 -1.000000 

Position: 40.000000 0.000000 -144.998993 
UV: 0.856300 0.022500 
normal: 0.000400 0.000000 -1.000000 

Position: 40.000000 0.000000 -144.998993 
UV: 0.856300 0.022500 
normal: 0.000400 0.000000 -1.000000 

Position: 35.000000 0.000000 -145.001099 
UV: 0.891900 0.022500 
normal: 0.000400 0.000000 -1.000000 

Position: 35.000000 5.950000 -145.001099 
UV: 0.891900 0.064800 
normal: 0.000400 0.000000 -1.000000 


Name of albedo Texture: Wood.jpg                                                                                            
Name of normalmap:                                                                                                     
Material ID: 50
Nr of Textures: 1
What Shader: 1


Name of mesh: Room34Collision1                                                                                    
Vertex count: 36

Collision: 1
Static mesh: 1



Position: -40.000000 7.000000 -155.000000 

Position: -35.000000 7.000000 -155.000000 

Position: -35.000000 7.000000 -175.000000 

Position: -35.000000 7.000000 -175.000000 

Position: -40.000000 7.000000 -175.000000 

Position: -40.000000 7.000000 -155.000000 

Position: -40.000000 -0.000000 -175.000000 

Position: -40.000000 -0.000000 -155.000000 

Position: -40.000000 7.000000 -155.000000 

Position: -40.000000 7.000000 -155.000000 

Position: -40.000000 7.000000 -175.000000 

Position: -40.000000 -0.000000 -175.000000 

Position: -40.000000 -0.000000 -155.000000 

Position: -35.000000 -0.000000 -155.000000 

Position: -35.000000 7.000000 -155.000000 

Position: -35.000000 7.000000 -155.000000 

Position: -40.000000 7.000000 -155.000000 

Position: -40.000000 -0.000000 -155.000000 

Position: -35.000000 -0.000000 -155.000000 

Position: -35.000000 -0.000000 -175.000000 

Position: -35.000000 7.000000 -175.000000 

Position: -35.000000 7.000000 -175.000000 

Position: -35.000000 7.000000 -155.000000 

Position: -35.000000 -0.000000 -155.000000 

Position: -35.000000 -0.000000 -175.000000 

Position: -40.000000 -0.000000 -175.000000 

Position: -40.000000 7.000000 -175.000000 

Position: -40.000000 7.000000 -175.000000 

Position: -35.000000 7.000000 -175.000000 

Position: -35.000000 -0.000000 -175.000000 

Position: -40.000000 -0.000000 -155.000000 

Position: -40.000000 -0.000000 -175.000000 

Position: -35.000000 -0.000000 -155.000000 

Position: -35.000000 -0.000000 -155.000000 

Position: -40.000000 -0.000000 -175.000000 

Position: -35.000000 -0.000000 -175.000000 


Name of mesh: Room34Collision5                                                                                    
Vertex count: 36

Collision: 1
Static mesh: 1



Position: -40.000000 7.000000 -125.000000 

Position: -35.000000 7.000000 -125.000000 

Position: -35.000000 7.000000 -145.000000 

Position: -35.000000 7.000000 -145.000000 

Position: -40.000000 7.000000 -145.000000 

Position: -40.000000 7.000000 -125.000000 

Position: -40.000000 -0.000000 -145.000000 

Position: -40.000000 -0.000000 -125.000000 

Position: -40.000000 7.000000 -125.000000 

Position: -40.000000 7.000000 -125.000000 

Position: -40.000000 7.000000 -145.000000 

Position: -40.000000 -0.000000 -145.000000 

Position: -40.000000 -0.000000 -125.000000 

Position: -35.000000 -0.000000 -125.000000 

Position: -35.000000 7.000000 -125.000000 

Position: -35.000000 7.000000 -125.000000 

Position: -40.000000 7.000000 -125.000000 

Position: -40.000000 -0.000000 -125.000000 

Position: -35.000000 -0.000000 -125.000000 

Position: -35.000000 -0.000000 -145.000000 

Position: -35.000000 7.000000 -145.000000 

Position: -35.000000 7.000000 -145.000000 

Position: -35.000000 7.000000 -125.000000 

Position: -35.000000 -0.000000 -125.000000 

Position: -35.000000 -0.000000 -145.000000 

Position: -40.000000 -0.000000 -145.000000 

Position: -40.000000 7.000000 -145.000000 

Position: -40.000000 7.000000 -145.000000 

Position: -35.000000 7.000000 -145.000000 

Position: -35.000000 -0.000000 -145.000000 

Position: -40.000000 -0.000000 -125.000000 

Position: -40.000000 -0.000000 -145.000000 

Position: -35.000000 -0.000000 -125.000000 

Position: -35.000000 -0.000000 -125.000000 

Position: -40.000000 -0.000000 -145.000000 

Position: -35.000000 -0.000000 -145.000000 


Name of mesh: Room34Collision6                                                                                    
Vertex count: 36

Collision: 1
Static mesh: 1



Position: 35.000000 7.000000 -125.000000 

Position: 40.000000 7.000000 -125.000000 

Position: 40.000000 7.000000 -145.000000 

Position: 40.000000 7.000000 -145.000000 

Position: 35.000000 7.000000 -145.000000 

Position: 35.000000 7.000000 -125.000000 

Position: 35.000000 0.000000 -145.000000 

Position: 35.000000 0.000000 -125.000000 

Position: 35.000000 7.000000 -125.000000 

Position: 35.000000 7.000000 -125.000000 

Position: 35.000000 7.000000 -145.000000 

Position: 35.000000 0.000000 -145.000000 

Position: 35.000000 0.000000 -125.000000 

Position: 40.000000 0.000000 -125.000000 

Position: 40.000000 7.000000 -125.000000 

Position: 40.000000 7.000000 -125.000000 

Position: 35.000000 7.000000 -125.000000 

Position: 35.000000 0.000000 -125.000000 

Position: 40.000000 0.000000 -125.000000 

Position: 40.000000 0.000000 -145.000000 

Position: 40.000000 7.000000 -145.000000 

Position: 40.000000 7.000000 -145.000000 

Position: 40.000000 7.000000 -125.000000 

Position: 40.000000 0.000000 -125.000000 

Position: 40.000000 0.000000 -145.000000 

Position: 35.000000 0.000000 -145.000000 

Position: 35.000000 7.000000 -145.000000 

Position: 35.000000 7.000000 -145.000000 

Position: 40.000000 7.000000 -145.000000 

Position: 40.000000 0.000000 -145.000000 

Position: 35.000000 0.000000 -125.000000 

Position: 35.000000 0.000000 -145.000000 

Position: 40.000000 0.000000 -125.000000 

Position: 40.000000 0.000000 -125.000000 

Position: 35.000000 0.000000 -145.000000 

Position: 40.000000 0.000000 -145.000000 


Name of mesh: Room34Collision2                                                                                    
Vertex count: 36

Collision: 1
Static mesh: 1



Position: -40.000000 7.000000 -170.000000 

Position: 40.000000 7.000000 -170.000000 

Position: 40.000000 7.000000 -175.000000 

Position: 40.000000 7.000000 -175.000000 

Position: -40.000000 7.000000 -175.000000 

Position: -40.000000 7.000000 -170.000000 

Position: -40.000000 0.000000 -175.000000 

Position: -40.000000 0.000000 -170.000000 

Position: -40.000000 7.000000 -170.000000 

Position: -40.000000 7.000000 -170.000000 

Position: -40.000000 7.000000 -175.000000 

Position: -40.000000 0.000000 -175.000000 

Position: -40.000000 0.000000 -170.000000 

Position: 40.000000 0.000000 -170.000000 

Position: 40.000000 7.000000 -170.000000 

Position: 40.000000 7.000000 -170.000000 

Position: -40.000000 7.000000 -170.000000 

Position: -40.000000 0.000000 -170.000000 

Position: 40.000000 0.000000 -170.000000 

Position: 40.000000 0.000000 -175.000000 

Position: 40.000000 7.000000 -175.000000 

Position: 40.000000 7.000000 -175.000000 

Position: 40.000000 7.000000 -170.000000 

Position: 40.000000 0.000000 -170.000000 

Position: 40.000000 0.000000 -175.000000 

Position: -40.000000 0.000000 -175.000000 

Position: -40.000000 7.000000 -175.000000 

Position: -40.000000 7.000000 -175.000000 

Position: 40.000000 7.000000 -175.000000 

Position: 40.000000 0.000000 -175.000000 

Position: 40.000000 0.000000 -170.000000 

Position: -40.000000 0.000000 -170.000000 

Position: 40.000000 0.000000 -175.000000 

Position: 40.000000 0.000000 -175.000000 

Position: -40.000000 0.000000 -170.000000 

Position: -40.000000 0.000000 -175.000000 


Name of mesh: Room34Collision3                                                                                    
Vertex count: 36

Collision: 1
Static mesh: 1



Position: 35.000000 7.000000 -155.000000 

Position: 40.000000 7.000000 -155.000000 

Position: 40.000000 7.000000 -175.000000 

Position: 40.000000 7.000000 -175.000000 

Position: 35.000000 7.000000 -175.000000 

Position: 35.000000 7.000000 -155.000000 

Position: 35.000000 0.000000 -175.000000 

Position: 35.000000 0.000000 -155.000000 

Position: 35.000000 7.000000 -155.000000 

Position: 35.000000 7.000000 -155.000000 

Position: 35.000000 7.000000 -175.000000 

Position: 35.000000 0.000000 -175.000000 

Position: 35.000000 0.000000 -155.000000 

Position: 40.000000 0.000000 -155.000000 

Position: 40.000000 7.000000 -155.000000 

Position: 40.000000 7.000000 -155.000000 

Position: 35.000000 7.000000 -155.000000 

Position: 35.000000 0.000000 -155.000000 

Position: 40.000000 0.000000 -155.000000 

Position: 40.000000 0.000000 -175.000000 

Position: 40.000000 7.000000 -175.000000 

Position: 40.000000 7.000000 -175.000000 

Position: 40.000000 7.000000 -155.000000 

Position: 40.000000 0.000000 -155.000000 

Position: 40.000000 0.000000 -175.000000 

Position: 35.000000 0.000000 -175.000000 

Position: 35.000000 7.000000 -175.000000 

Position: 35.000000 7.000000 -175.000000 

Position: 40.000000 7.000000 -175.000000 

Position: 40.000000 0.000000 -175.000000 

Position: 35.000000 0.000000 -155.000000 

Position: 35.000000 0.000000 -175.000000 

Position: 40.000000 0.000000 -155.000000 

Position: 40.000000 0.000000 -155.000000 

Position: 35.000000 0.000000 -175.000000 

Position: 40.000000 0.000000 -175.000000 


Name of mesh: Room34Collision4                                                                                    
Vertex count: 36

Collision: 1
Static mesh: 1



Position: -40.000000 7.000000 -125.000000 

Position: 40.000000 7.000000 -125.000000 

Position: 40.000000 7.000000 -130.000000 

Position: 40.000000 7.000000 -130.000000 

Position: -40.000000 7.000000 -130.000000 

Position: -40.000000 7.000000 -125.000000 

Position: -40.000000 0.000000 -130.000000 

Position: -40.000000 0.000000 -125.000000 

Position: -40.000000 7.000000 -125.000000 

Position: -40.000000 7.000000 -125.000000 

Position: -40.000000 7.000000 -130.000000 

Position: -40.000000 0.000000 -130.000000 

Position: -40.000000 0.000000 -125.000000 

Position: 40.000000 0.000000 -125.000000 

Position: 40.000000 7.000000 -125.000000 

Position: 40.000000 7.000000 -125.000000 

Position: -40.000000 7.000000 -125.000000 

Position: -40.000000 0.000000 -125.000000 

Position: 40.000000 0.000000 -125.000000 

Position: 40.000000 0.000000 -130.000000 

Position: 40.000000 7.000000 -130.000000 

Position: 40.000000 7.000000 -130.000000 

Position: 40.000000 7.000000 -125.000000 

Position: 40.000000 0.000000 -125.000000 

Position: 40.000000 0.000000 -130.000000 

Position: -40.000000 0.000000 -130.000000 

Position: -40.000000 7.000000 -130.000000 

Position: -40.000000 7.000000 -130.000000 

Position: 40.000000 7.000000 -130.000000 

Position: 40.000000 0.000000 -130.000000 

Position: 40.000000 0.000000 -125.000000 

Position: -40.000000 0.000000 -125.000000 

Position: 40.000000 0.000000 -130.000000 

Position: 40.000000 0.000000 -130.000000 

Position: -40.000000 0.000000 -125.000000 

Position: -40.000000 0.000000 -130.000000 


