Version: 3
Nr of dynamic meshes: 0
Nr of static meshes: 1
Nr of bounding boxes: 14
Nr of materials: 1

Name of mesh: Room33Mesh                                                                                          
Vertex count: 234
Material ID: 58
Collision: 0
Static mesh: 1



Position: 6.050000 7.000000 -25.000000 
UV: 0.424000 0.549200 
normal: 0.000000 1.000000 0.000000 

Position: 40.000000 7.000000 -25.000000 
UV: 0.713300 0.549200 
normal: 0.000000 1.000000 0.000000 

Position: 36.400002 7.000000 -29.000000 
UV: 0.682700 0.583200 
normal: 0.000000 1.000000 0.000000 

Position: 36.400002 7.000000 -29.000000 
UV: 0.682700 0.583200 
normal: 0.000000 1.000000 0.000000 

Position: 6.050000 7.000000 -29.000000 
UV: 0.424000 0.583200 
normal: 0.000000 1.000000 0.000000 

Position: 6.050000 7.000000 -25.000000 
UV: 0.424000 0.549200 
normal: 0.000000 1.000000 0.000000 

Position: -6.050000 7.000000 -25.000000 
UV: 0.304800 0.548400 
normal: 0.000000 1.000000 0.000000 

Position: -6.050000 7.000000 -29.000000 
UV: 0.304800 0.582500 
normal: 0.000000 1.000000 0.000000 

Position: -36.400002 7.000000 -29.000000 
UV: 0.046100 0.582500 
normal: 0.000000 1.000000 0.000000 

Position: -36.400002 7.000000 -29.000000 
UV: 0.046100 0.582500 
normal: 0.000000 1.000000 0.000000 

Position: -40.000000 7.000000 -25.000000 
UV: 0.015400 0.548400 
normal: 0.000000 1.000000 0.000000 

Position: -6.050000 7.000000 -25.000000 
UV: 0.304800 0.548400 
normal: 0.000000 1.000000 0.000000 

Position: -5.000000 0.000000 -25.000000 
UV: 0.215300 0.473200 
normal: 0.000000 0.000000 1.000000 

Position: -5.000000 5.950000 -25.000000 
UV: 0.215300 0.507800 
normal: 0.000000 0.000000 1.000000 

Position: -40.000000 5.950000 -25.000000 
UV: 0.011900 0.507800 
normal: 0.000000 0.000000 1.000000 

Position: -40.000000 5.950000 -25.000000 
UV: 0.011900 0.507800 
normal: 0.000000 0.000000 1.000000 

Position: -40.000000 0.000000 -25.000000 
UV: 0.011900 0.473200 
normal: 0.000000 0.000000 1.000000 

Position: -5.000000 0.000000 -25.000000 
UV: 0.215300 0.473200 
normal: 0.000000 0.000000 1.000000 

Position: -5.000000 0.000000 -30.000000 
UV: 0.912800 0.062400 
normal: 1.000000 0.000000 0.000000 

Position: -5.000000 5.950000 -30.000000 
UV: 0.912800 0.025400 
normal: 1.000000 0.000000 0.000000 

Position: -5.000000 5.950000 -25.000000 
UV: 0.943800 0.025400 
normal: 1.000000 0.000000 0.000000 

Position: -5.000000 5.950000 -25.000000 
UV: 0.943800 0.025400 
normal: 1.000000 0.000000 0.000000 

Position: -5.000000 0.000000 -25.000000 
UV: 0.943800 0.062400 
normal: 1.000000 0.000000 0.000000 

Position: -5.000000 0.000000 -30.000000 
UV: 0.912800 0.062400 
normal: 1.000000 0.000000 0.000000 

Position: -35.000000 0.000000 -30.000000 
UV: 0.896600 0.972100 
normal: 0.000000 0.000000 -1.000000 

Position: -35.000000 5.950000 -30.000000 
UV: 0.852300 0.972100 
normal: 0.000000 0.000000 -1.000000 

Position: -5.000000 5.950000 -30.000000 
UV: 0.852300 0.748600 
normal: 0.000000 0.000000 -1.000000 

Position: -5.000000 5.950000 -30.000000 
UV: 0.852300 0.748600 
normal: 0.000000 0.000000 -1.000000 

Position: -5.000000 0.000000 -30.000000 
UV: 0.896600 0.748600 
normal: 0.000000 0.000000 -1.000000 

Position: -35.000000 0.000000 -30.000000 
UV: 0.896600 0.972100 
normal: 0.000000 0.000000 -1.000000 

Position: 5.000000 0.000000 -30.000000 
UV: 0.900100 0.596500 
normal: 0.000000 0.000000 -1.000000 

Position: 5.000000 5.950000 -30.000000 
UV: 0.855800 0.596500 
normal: 0.000000 0.000000 -1.000000 

Position: 35.000000 5.950000 -30.000000 
UV: 0.855800 0.373100 
normal: 0.000000 0.000000 -1.000000 

Position: 35.000000 5.950000 -30.000000 
UV: 0.855800 0.373100 
normal: 0.000000 0.000000 -1.000000 

Position: 35.000000 0.000000 -30.000000 
UV: 0.900100 0.373100 
normal: 0.000000 0.000000 -1.000000 

Position: 5.000000 0.000000 -30.000000 
UV: 0.900100 0.596500 
normal: 0.000000 0.000000 -1.000000 

Position: 5.000000 0.000000 -25.000000 
UV: 0.912200 0.111000 
normal: -1.000000 0.000000 0.000000 

Position: 5.000000 5.950000 -25.000000 
UV: 0.912200 0.074100 
normal: -1.000000 0.000000 0.000000 

Position: 5.000000 5.950000 -30.000000 
UV: 0.943200 0.074100 
normal: -1.000000 0.000000 0.000000 

Position: 5.000000 5.950000 -30.000000 
UV: 0.943200 0.074100 
normal: -1.000000 0.000000 0.000000 

Position: 5.000000 0.000000 -30.000000 
UV: 0.943200 0.111000 
normal: -1.000000 0.000000 0.000000 

Position: 5.000000 0.000000 -25.000000 
UV: 0.912200 0.111000 
normal: -1.000000 0.000000 0.000000 

Position: 40.000000 0.000000 -25.000000 
UV: 0.216900 0.416000 
normal: 0.000000 0.000000 1.000000 

Position: 40.000000 5.950000 -25.000000 
UV: 0.216900 0.449300 
normal: 0.000000 0.000000 1.000000 

Position: 5.000000 5.950000 -25.000000 
UV: 0.020700 0.449300 
normal: 0.000000 0.000000 1.000000 

Position: 5.000000 5.950000 -25.000000 
UV: 0.020700 0.449300 
normal: 0.000000 0.000000 1.000000 

Position: 5.000000 0.000000 -25.000000 
UV: 0.020700 0.416000 
normal: 0.000000 0.000000 1.000000 

Position: 40.000000 0.000000 -25.000000 
UV: 0.216900 0.416000 
normal: 0.000000 0.000000 1.000000 

Position: 40.000000 0.000000 -75.000000 
UV: 0.513100 0.417000 
normal: 1.000000 0.000000 0.000000 

Position: 40.000000 5.950000 -75.000000 
UV: 0.513100 0.450300 
normal: 1.000000 0.000000 0.000000 

Position: 40.000000 5.950000 -25.000000 
UV: 0.233300 0.450300 
normal: 1.000000 0.000000 0.000000 

Position: 40.000000 5.950000 -25.000000 
UV: 0.233300 0.450300 
normal: 1.000000 0.000000 0.000000 

Position: 40.000000 0.000000 -25.000000 
UV: 0.233300 0.417000 
normal: 1.000000 0.000000 0.000000 

Position: 40.000000 0.000000 -75.000000 
UV: 0.513100 0.417000 
normal: 1.000000 0.000000 0.000000 

Position: 36.400002 7.000000 -29.000000 
UV: 0.682700 0.583200 
normal: 0.000000 1.000000 0.000000 

Position: 40.000000 7.000000 -25.000000 
UV: 0.713300 0.549200 
normal: 0.000000 1.000000 0.000000 

Position: 40.000000 7.000000 -75.000000 
UV: 0.713300 0.975300 
normal: 0.000000 1.000000 0.000000 

Position: 40.000000 7.000000 -75.000000 
UV: 0.713300 0.975300 
normal: 0.000000 1.000000 0.000000 

Position: 36.400002 7.000000 -71.000000 
UV: 0.682700 0.941200 
normal: 0.000000 1.000000 0.000000 

Position: 36.400002 7.000000 -29.000000 
UV: 0.682700 0.583200 
normal: 0.000000 1.000000 0.000000 

Position: 36.400002 7.000000 -71.000000 
UV: 0.682700 0.941200 
normal: 0.000000 1.000000 0.000000 

Position: 40.000000 7.000000 -75.000000 
UV: 0.713300 0.975300 
normal: 0.000000 1.000000 0.000000 

Position: 6.050000 7.000000 -75.000000 
UV: 0.424000 0.975300 
normal: 0.000000 1.000000 0.000000 

Position: 6.050000 7.000000 -75.000000 
UV: 0.424000 0.975300 
normal: 0.000000 1.000000 0.000000 

Position: 6.050000 7.000000 -71.000000 
UV: 0.424000 0.941200 
normal: 0.000000 1.000000 0.000000 

Position: 36.400002 7.000000 -71.000000 
UV: 0.682700 0.941200 
normal: 0.000000 1.000000 0.000000 

Position: -36.400002 7.000000 -71.000000 
UV: 0.046100 0.940500 
normal: 0.000000 1.000000 0.000000 

Position: -6.050000 7.000000 -71.000000 
UV: 0.304800 0.940500 
normal: 0.000000 1.000000 0.000000 

Position: -6.050000 7.000000 -75.000000 
UV: 0.304800 0.974600 
normal: 0.000000 1.000000 0.000000 

Position: -6.050000 7.000000 -75.000000 
UV: 0.304800 0.974600 
normal: 0.000000 1.000000 0.000000 

Position: -40.000000 7.000000 -75.000000 
UV: 0.015400 0.974600 
normal: 0.000000 1.000000 0.000000 

Position: -36.400002 7.000000 -71.000000 
UV: 0.046100 0.940500 
normal: 0.000000 1.000000 0.000000 

Position: -40.000000 5.950000 -75.000000 
UV: 0.716700 0.505400 
normal: 0.000000 0.000000 -1.000000 

Position: -5.000000 5.950000 -75.000000 
UV: 0.522400 0.505400 
normal: 0.000000 0.000000 -1.000000 

Position: -5.000000 0.000000 -75.000000 
UV: 0.522400 0.472300 
normal: 0.000000 0.000000 -1.000000 

Position: -5.000000 0.000000 -75.000000 
UV: 0.522400 0.472300 
normal: 0.000000 0.000000 -1.000000 

Position: -40.000000 0.000000 -75.000000 
UV: 0.716700 0.472300 
normal: 0.000000 0.000000 -1.000000 

Position: -40.000000 5.950000 -75.000000 
UV: 0.716700 0.505400 
normal: 0.000000 0.000000 -1.000000 

Position: -5.000000 5.950000 -75.000000 
UV: 0.956800 0.074100 
normal: 1.000000 0.000000 0.000000 

Position: -5.000000 5.950000 -70.000000 
UV: 0.987800 0.074100 
normal: 1.000000 0.000000 0.000000 

Position: -5.000000 0.000000 -70.000000 
UV: 0.987800 0.111000 
normal: 1.000000 0.000000 0.000000 

Position: -5.000000 0.000000 -70.000000 
UV: 0.987800 0.111000 
normal: 1.000000 0.000000 0.000000 

Position: -5.000000 0.000000 -75.000000 
UV: 0.956800 0.111000 
normal: 1.000000 0.000000 0.000000 

Position: -5.000000 5.950000 -75.000000 
UV: 0.956800 0.074100 
normal: 1.000000 0.000000 0.000000 

Position: -5.000000 5.950000 -70.000000 
UV: 0.778800 0.597700 
normal: 0.000000 0.000000 1.000000 

Position: -35.000000 5.950000 -70.000000 
UV: 0.778800 0.374200 
normal: 0.000000 0.000000 1.000000 

Position: -35.000000 0.000000 -70.000000 
UV: 0.823100 0.374200 
normal: 0.000000 0.000000 1.000000 

Position: -35.000000 0.000000 -70.000000 
UV: 0.823100 0.374200 
normal: 0.000000 0.000000 1.000000 

Position: -5.000000 0.000000 -70.000000 
UV: 0.823100 0.597700 
normal: 0.000000 0.000000 1.000000 

Position: -5.000000 5.950000 -70.000000 
UV: 0.778800 0.597700 
normal: 0.000000 0.000000 1.000000 

Position: -35.000000 5.950000 -70.000000 
UV: 0.941100 0.671100 
normal: 1.000000 0.000000 0.000000 

Position: -35.000000 5.950000 -30.000000 
UV: 0.941100 0.373200 
normal: 1.000000 0.000000 0.000000 

Position: -35.000000 0.000000 -30.000000 
UV: 0.985400 0.373200 
normal: 1.000000 0.000000 0.000000 

Position: -35.000000 0.000000 -30.000000 
UV: 0.985400 0.373200 
normal: 1.000000 0.000000 0.000000 

Position: -35.000000 0.000000 -70.000000 
UV: 0.985400 0.671100 
normal: 1.000000 0.000000 0.000000 

Position: -35.000000 5.950000 -70.000000 
UV: 0.941100 0.671100 
normal: 1.000000 0.000000 0.000000 

Position: 35.000000 5.950000 -70.000000 
UV: 0.778200 0.974600 
normal: 0.000000 0.000000 1.000000 

Position: 5.000000 5.950000 -70.000000 
UV: 0.778200 0.751200 
normal: 0.000000 0.000000 1.000000 

Position: 5.000000 0.000000 -70.000000 
UV: 0.822500 0.751200 
normal: 0.000000 0.000000 1.000000 

Position: 5.000000 0.000000 -70.000000 
UV: 0.822500 0.751200 
normal: 0.000000 0.000000 1.000000 

Position: 35.000000 0.000000 -70.000000 
UV: 0.822500 0.974600 
normal: 0.000000 0.000000 1.000000 

Position: 35.000000 5.950000 -70.000000 
UV: 0.778200 0.974600 
normal: 0.000000 0.000000 1.000000 

Position: 5.000000 5.950000 -70.000000 
UV: 0.955900 0.025400 
normal: -1.000000 0.000000 0.000000 

Position: 5.000000 5.950000 -75.000000 
UV: 0.986900 0.025400 
normal: -1.000000 0.000000 0.000000 

Position: 5.000000 0.000000 -75.000000 
UV: 0.986900 0.062400 
normal: -1.000000 0.000000 0.000000 

Position: 5.000000 0.000000 -75.000000 
UV: 0.986900 0.062400 
normal: -1.000000 0.000000 0.000000 

Position: 5.000000 0.000000 -70.000000 
UV: 0.955900 0.062400 
normal: -1.000000 0.000000 0.000000 

Position: 5.000000 5.950000 -70.000000 
UV: 0.955900 0.025400 
normal: -1.000000 0.000000 0.000000 

Position: 40.000000 7.000000 -75.000000 
UV: 0.522100 0.455200 
normal: 0.000000 0.000000 -1.000000 

Position: 40.000000 5.950000 -75.000000 
UV: 0.522100 0.449500 
normal: 0.000000 0.000000 -1.000000 

Position: 5.000000 5.950000 -75.000000 
UV: 0.712900 0.449500 
normal: 0.000000 0.000000 -1.000000 

Position: 5.000000 5.950000 -75.000000 
UV: 0.712900 0.449500 
normal: 0.000000 0.000000 -1.000000 

Position: 6.050000 7.000000 -75.000000 
UV: 0.707100 0.455200 
normal: 0.000000 0.000000 -1.000000 

Position: 40.000000 7.000000 -75.000000 
UV: 0.522100 0.455200 
normal: 0.000000 0.000000 -1.000000 

Position: -40.000000 7.000000 -75.000000 
UV: 0.015400 0.974600 
normal: 0.000000 1.000000 0.000000 

Position: -40.000000 7.000000 -25.000000 
UV: 0.015400 0.548400 
normal: 0.000000 1.000000 0.000000 

Position: -36.400002 7.000000 -29.000000 
UV: 0.046100 0.582500 
normal: 0.000000 1.000000 0.000000 

Position: -36.400002 7.000000 -29.000000 
UV: 0.046100 0.582500 
normal: 0.000000 1.000000 0.000000 

Position: -36.400002 7.000000 -71.000000 
UV: 0.046100 0.940500 
normal: 0.000000 1.000000 0.000000 

Position: -40.000000 7.000000 -75.000000 
UV: 0.015400 0.974600 
normal: 0.000000 1.000000 0.000000 

Position: 35.000000 5.950000 -30.000000 
UV: 0.942600 0.981100 
normal: -1.000000 0.000000 0.000000 

Position: 35.000000 5.950000 -70.000000 
UV: 0.942600 0.683200 
normal: -1.000000 0.000000 0.000000 

Position: 35.000000 0.000000 -70.000000 
UV: 0.987000 0.683200 
normal: -1.000000 0.000000 0.000000 

Position: 35.000000 0.000000 -70.000000 
UV: 0.987000 0.683200 
normal: -1.000000 0.000000 0.000000 

Position: 35.000000 0.000000 -30.000000 
UV: 0.987000 0.981100 
normal: -1.000000 0.000000 0.000000 

Position: 35.000000 5.950000 -30.000000 
UV: 0.942600 0.981100 
normal: -1.000000 0.000000 0.000000 

Position: -40.000000 5.950000 -25.000000 
UV: 0.514300 0.503400 
normal: -1.000000 0.000000 0.000000 

Position: -40.000000 5.950000 -75.000000 
UV: 0.234300 0.503400 
normal: -1.000000 0.000000 0.000000 

Position: -40.000000 0.000000 -75.000000 
UV: 0.234300 0.470100 
normal: -1.000000 0.000000 0.000000 

Position: -40.000000 0.000000 -75.000000 
UV: 0.234300 0.470100 
normal: -1.000000 0.000000 0.000000 

Position: -40.000000 0.000000 -25.000000 
UV: 0.514300 0.470100 
normal: -1.000000 0.000000 0.000000 

Position: -40.000000 5.950000 -25.000000 
UV: 0.514300 0.503400 
normal: -1.000000 0.000000 0.000000 

Position: -6.050000 7.000000 -25.000000 
UV: 0.209200 0.513900 
normal: 0.000000 0.000000 1.000000 

Position: -40.000000 7.000000 -25.000000 
UV: 0.011900 0.513900 
normal: 0.000000 0.000000 1.000000 

Position: -40.000000 5.950000 -25.000000 
UV: 0.011900 0.507800 
normal: 0.000000 0.000000 1.000000 

Position: -40.000000 5.950000 -25.000000 
UV: 0.011900 0.507800 
normal: 0.000000 0.000000 1.000000 

Position: -5.000000 5.950000 -25.000000 
UV: 0.215300 0.507800 
normal: 0.000000 0.000000 1.000000 

Position: -6.050000 7.000000 -25.000000 
UV: 0.209200 0.513900 
normal: 0.000000 0.000000 1.000000 

Position: -6.050000 7.000000 -29.000000 
UV: 0.304800 0.582500 
normal: 0.707107 0.707107 0.000000 

Position: -6.050000 7.000000 -25.000000 
UV: 0.304800 0.548400 
normal: 0.707107 0.707107 0.000000 

Position: -5.000000 5.950000 -25.000000 
UV: 0.313800 0.548400 
normal: 0.707107 0.707107 0.000000 

Position: -5.000000 5.950000 -25.000000 
UV: 0.313800 0.548400 
normal: 0.707107 0.707107 0.000000 

Position: -5.000000 5.950000 -30.000000 
UV: 0.313800 0.591000 
normal: 0.707107 0.707107 0.000000 

Position: -6.050000 7.000000 -29.000000 
UV: 0.304800 0.582500 
normal: 0.707107 0.707107 0.000000 

Position: -36.400002 7.000000 -29.000000 
UV: 0.046100 0.582500 
normal: 0.000000 0.689698 -0.724097 

Position: -6.050000 7.000000 -29.000000 
UV: 0.304800 0.582500 
normal: 0.000000 0.689698 -0.724097 

Position: -5.000000 5.950000 -30.000000 
UV: 0.313800 0.591000 
normal: 0.000000 0.689698 -0.724097 

Position: -5.000000 5.950000 -30.000000 
UV: 0.313800 0.591000 
normal: 0.000000 0.689698 -0.724097 

Position: -35.000000 5.950000 -30.000000 
UV: 0.058100 0.591000 
normal: 0.000000 0.689698 -0.724097 

Position: -36.400002 7.000000 -29.000000 
UV: 0.046100 0.582500 
normal: 0.000000 0.689698 -0.724097 

Position: 6.050000 7.000000 -29.000000 
UV: 0.424000 0.583200 
normal: 0.000000 0.689698 -0.724097 

Position: 36.400002 7.000000 -29.000000 
UV: 0.682700 0.583200 
normal: 0.000000 0.689698 -0.724097 

Position: 35.000000 5.950000 -30.000000 
UV: 0.670700 0.591800 
normal: 0.000000 0.689698 -0.724097 

Position: 35.000000 5.950000 -30.000000 
UV: 0.670700 0.591800 
normal: 0.000000 0.689698 -0.724097 

Position: 5.000000 5.950000 -30.000000 
UV: 0.415000 0.591800 
normal: 0.000000 0.689698 -0.724097 

Position: 6.050000 7.000000 -29.000000 
UV: 0.424000 0.583200 
normal: 0.000000 0.689698 -0.724097 

Position: 6.050000 7.000000 -25.000000 
UV: 0.424000 0.549200 
normal: -0.707107 0.707107 0.000000 

Position: 6.050000 7.000000 -29.000000 
UV: 0.424000 0.583200 
normal: -0.707107 0.707107 0.000000 

Position: 5.000000 5.950000 -30.000000 
UV: 0.415000 0.591800 
normal: -0.707107 0.707107 0.000000 

Position: 5.000000 5.950000 -30.000000 
UV: 0.415000 0.591800 
normal: -0.707107 0.707107 0.000000 

Position: 5.000000 5.950000 -25.000000 
UV: 0.415000 0.549200 
normal: -0.707107 0.707107 0.000000 

Position: 6.050000 7.000000 -25.000000 
UV: 0.424000 0.549200 
normal: -0.707107 0.707107 0.000000 

Position: 40.000000 7.000000 -25.000000 
UV: 0.216900 0.455200 
normal: 0.000000 0.000000 1.000000 

Position: 6.050000 7.000000 -25.000000 
UV: 0.026500 0.455200 
normal: 0.000000 0.000000 1.000000 

Position: 5.000000 5.950000 -25.000000 
UV: 0.020700 0.449300 
normal: 0.000000 0.000000 1.000000 

Position: 5.000000 5.950000 -25.000000 
UV: 0.020700 0.449300 
normal: 0.000000 0.000000 1.000000 

Position: 40.000000 5.950000 -25.000000 
UV: 0.216900 0.449300 
normal: 0.000000 0.000000 1.000000 

Position: 40.000000 7.000000 -25.000000 
UV: 0.216900 0.455200 
normal: 0.000000 0.000000 1.000000 

Position: 40.000000 7.000000 -75.000000 
UV: 0.513100 0.456200 
normal: 1.000000 0.000000 0.000000 

Position: 40.000000 7.000000 -25.000000 
UV: 0.233300 0.456200 
normal: 1.000000 0.000000 0.000000 

Position: 40.000000 5.950000 -25.000000 
UV: 0.233300 0.450300 
normal: 1.000000 0.000000 0.000000 

Position: 40.000000 5.950000 -25.000000 
UV: 0.233300 0.450300 
normal: 1.000000 0.000000 0.000000 

Position: 40.000000 5.950000 -75.000000 
UV: 0.513100 0.450300 
normal: 1.000000 0.000000 0.000000 

Position: 40.000000 7.000000 -75.000000 
UV: 0.513100 0.456200 
normal: 1.000000 0.000000 0.000000 

Position: -40.000000 7.000000 -75.000000 
UV: 0.716700 0.511200 
normal: 0.000000 0.000000 -1.000000 

Position: -6.050000 7.000000 -75.000000 
UV: 0.528200 0.511200 
normal: 0.000000 0.000000 -1.000000 

Position: -5.000000 5.950000 -75.000000 
UV: 0.522400 0.505400 
normal: 0.000000 0.000000 -1.000000 

Position: -5.000000 5.950000 -75.000000 
UV: 0.522400 0.505400 
normal: 0.000000 0.000000 -1.000000 

Position: -40.000000 5.950000 -75.000000 
UV: 0.716700 0.505400 
normal: 0.000000 0.000000 -1.000000 

Position: -40.000000 7.000000 -75.000000 
UV: 0.716700 0.511200 
normal: 0.000000 0.000000 -1.000000 

Position: -6.050000 7.000000 -75.000000 
UV: 0.304800 0.974600 
normal: 0.707107 0.707107 0.000000 

Position: -6.050000 7.000000 -71.000000 
UV: 0.304800 0.940500 
normal: 0.707107 0.707107 0.000000 

Position: -5.000000 5.950000 -70.000000 
UV: 0.313800 0.931900 
normal: 0.707107 0.707107 0.000000 

Position: -5.000000 5.950000 -70.000000 
UV: 0.313800 0.931900 
normal: 0.707107 0.707107 0.000000 

Position: -5.000000 5.950000 -75.000000 
UV: 0.313800 0.974600 
normal: 0.707107 0.707107 0.000000 

Position: -6.050000 7.000000 -75.000000 
UV: 0.304800 0.974600 
normal: 0.707107 0.707107 0.000000 

Position: -6.050000 7.000000 -71.000000 
UV: 0.304800 0.940500 
normal: 0.000000 0.689698 0.724097 

Position: -36.400002 7.000000 -71.000000 
UV: 0.046100 0.940500 
normal: 0.000000 0.689698 0.724097 

Position: -35.000000 5.950000 -70.000000 
UV: 0.058100 0.931900 
normal: 0.000000 0.689698 0.724097 

Position: -35.000000 5.950000 -70.000000 
UV: 0.058100 0.931900 
normal: 0.000000 0.689698 0.724097 

Position: -5.000000 5.950000 -70.000000 
UV: 0.313800 0.931900 
normal: 0.000000 0.689698 0.724097 

Position: -6.050000 7.000000 -71.000000 
UV: 0.304800 0.940500 
normal: 0.000000 0.689698 0.724097 

Position: -36.400002 7.000000 -71.000000 
UV: 0.046100 0.940500 
normal: 0.600000 0.800000 0.000000 

Position: -36.400002 7.000000 -29.000000 
UV: 0.046100 0.582500 
normal: 0.600000 0.800000 0.000000 

Position: -35.000000 5.950000 -30.000000 
UV: 0.058100 0.591000 
normal: 0.600000 0.800000 0.000000 

Position: -35.000000 5.950000 -30.000000 
UV: 0.058100 0.591000 
normal: 0.600000 0.800000 0.000000 

Position: -35.000000 5.950000 -70.000000 
UV: 0.058100 0.931900 
normal: 0.600000 0.800000 0.000000 

Position: -36.400002 7.000000 -71.000000 
UV: 0.046100 0.940500 
normal: 0.600000 0.800000 0.000000 

Position: 36.400002 7.000000 -71.000000 
UV: 0.682700 0.941200 
normal: 0.000000 0.689698 0.724097 

Position: 6.050000 7.000000 -71.000000 
UV: 0.424000 0.941200 
normal: 0.000000 0.689698 0.724097 

Position: 5.000000 5.950000 -70.000000 
UV: 0.415000 0.932700 
normal: 0.000000 0.689698 0.724097 

Position: 5.000000 5.950000 -70.000000 
UV: 0.415000 0.932700 
normal: 0.000000 0.689698 0.724097 

Position: 35.000000 5.950000 -70.000000 
UV: 0.670700 0.932700 
normal: 0.000000 0.689698 0.724097 

Position: 36.400002 7.000000 -71.000000 
UV: 0.682700 0.941200 
normal: 0.000000 0.689698 0.724097 

Position: 6.050000 7.000000 -71.000000 
UV: 0.424000 0.941200 
normal: -0.707107 0.707107 0.000000 

Position: 6.050000 7.000000 -75.000000 
UV: 0.424000 0.975300 
normal: -0.707107 0.707107 0.000000 

Position: 5.000000 5.950000 -75.000000 
UV: 0.415000 0.975300 
normal: -0.707107 0.707107 0.000000 

Position: 5.000000 5.950000 -75.000000 
UV: 0.415000 0.975300 
normal: -0.707107 0.707107 0.000000 

Position: 5.000000 5.950000 -70.000000 
UV: 0.415000 0.932700 
normal: -0.707107 0.707107 0.000000 

Position: 6.050000 7.000000 -71.000000 
UV: 0.424000 0.941200 
normal: -0.707107 0.707107 0.000000 

Position: 40.000000 0.000000 -75.000000 
UV: 0.522100 0.417000 
normal: 0.000000 0.000000 -1.000000 

Position: 5.000000 0.000000 -75.000000 
UV: 0.712900 0.417000 
normal: 0.000000 0.000000 -1.000000 

Position: 5.000000 5.950000 -75.000000 
UV: 0.712900 0.449500 
normal: 0.000000 0.000000 -1.000000 

Position: 5.000000 5.950000 -75.000000 
UV: 0.712900 0.449500 
normal: 0.000000 0.000000 -1.000000 

Position: 40.000000 5.950000 -75.000000 
UV: 0.522100 0.449500 
normal: 0.000000 0.000000 -1.000000 

Position: 40.000000 0.000000 -75.000000 
UV: 0.522100 0.417000 
normal: 0.000000 0.000000 -1.000000 

Position: 36.400002 7.000000 -29.000000 
UV: 0.682700 0.583200 
normal: -0.600000 0.800000 0.000000 

Position: 36.400002 7.000000 -71.000000 
UV: 0.682700 0.941200 
normal: -0.600000 0.800000 0.000000 

Position: 35.000000 5.950000 -70.000000 
UV: 0.670700 0.932700 
normal: -0.600000 0.800000 0.000000 

Position: 35.000000 5.950000 -70.000000 
UV: 0.670700 0.932700 
normal: -0.600000 0.800000 0.000000 

Position: 35.000000 5.950000 -30.000000 
UV: 0.670700 0.591800 
normal: -0.600000 0.800000 0.000000 

Position: 36.400002 7.000000 -29.000000 
UV: 0.682700 0.583200 
normal: -0.600000 0.800000 0.000000 

Position: -40.000000 7.000000 -25.000000 
UV: 0.514300 0.509300 
normal: -1.000000 0.000000 0.000000 

Position: -40.000000 7.000000 -75.000000 
UV: 0.234300 0.509300 
normal: -1.000000 0.000000 0.000000 

Position: -40.000000 5.950000 -75.000000 
UV: 0.234300 0.503400 
normal: -1.000000 0.000000 0.000000 

Position: -40.000000 5.950000 -75.000000 
UV: 0.234300 0.503400 
normal: -1.000000 0.000000 0.000000 

Position: -40.000000 5.950000 -25.000000 
UV: 0.514300 0.503400 
normal: -1.000000 0.000000 0.000000 

Position: -40.000000 7.000000 -25.000000 
UV: 0.514300 0.509300 
normal: -1.000000 0.000000 0.000000 

Position: -38.017597 0.149218 -24.714333 
UV: 0.000000 0.000000 
normal: 0.000000 1.000000 0.000000 

Position: 38.017597 0.149218 -24.714333 
UV: 1.000000 0.000000 
normal: 0.000000 1.000000 0.000000 

Position: -38.017597 0.149218 -75.132156 
UV: 0.000000 1.000000 
normal: 0.000000 1.000000 0.000000 

Position: -38.017597 0.149218 -75.132156 
UV: 0.000000 1.000000 
normal: 0.000000 1.000000 0.000000 

Position: 38.017597 0.149218 -24.714333 
UV: 1.000000 0.000000 
normal: 0.000000 1.000000 0.000000 

Position: 38.017597 0.149218 -75.132156 
UV: 1.000000 1.000000 
normal: 0.000000 1.000000 0.000000 


Name of albedo Texture: Wood.jpg                                                                                            
Name of normalmap:                                                                                                     
Material ID: 58
Nr of Textures: 1
What Shader: 1


Name of mesh: barrelsCollision1                                                                                   
Vertex count: 36

Collision: 1
Static mesh: 1



Position: -30.589489 0.078598 -68.061699 

Position: -8.533767 0.078598 -68.061699 

Position: -30.589489 4.021940 -68.061699 

Position: -30.589489 4.021940 -68.061699 

Position: -8.533767 0.078598 -68.061699 

Position: -8.533767 4.021940 -68.061699 

Position: -30.589489 4.021940 -68.061699 

Position: -8.533767 4.021940 -68.061699 

Position: -30.589489 4.021940 -69.984291 

Position: -30.589489 4.021940 -69.984291 

Position: -8.533767 4.021940 -68.061699 

Position: -8.533767 4.021940 -69.984291 

Position: -30.589489 4.021940 -69.984291 

Position: -8.533767 4.021940 -69.984291 

Position: -30.589489 0.078598 -69.984291 

Position: -30.589489 0.078598 -69.984291 

Position: -8.533767 4.021940 -69.984291 

Position: -8.533767 0.078598 -69.984291 

Position: -30.589489 0.078598 -69.984291 

Position: -8.533767 0.078598 -69.984291 

Position: -30.589489 0.078598 -68.061699 

Position: -30.589489 0.078598 -68.061699 

Position: -8.533767 0.078598 -69.984291 

Position: -8.533767 0.078598 -68.061699 

Position: -8.533767 0.078598 -68.061699 

Position: -8.533767 0.078598 -69.984291 

Position: -8.533767 4.021940 -68.061699 

Position: -8.533767 4.021940 -68.061699 

Position: -8.533767 0.078598 -69.984291 

Position: -8.533767 4.021940 -69.984291 

Position: -30.589489 0.078598 -69.984291 

Position: -30.589489 0.078598 -68.061699 

Position: -30.589489 4.021940 -69.984291 

Position: -30.589489 4.021940 -69.984291 

Position: -30.589489 0.078598 -68.061699 

Position: -30.589489 4.021940 -68.061699 


Name of mesh: Room33Collision1                                                                                    
Vertex count: 36

Collision: 1
Static mesh: 1



Position: -40.000000 7.000000 -25.000000 

Position: -35.000000 7.000000 -25.000000 

Position: -35.000000 7.000000 -75.000000 

Position: -35.000000 7.000000 -75.000000 

Position: -40.000000 7.000000 -75.000000 

Position: -40.000000 7.000000 -25.000000 

Position: -40.000000 0.000000 -75.000000 

Position: -40.000000 0.000000 -25.000000 

Position: -40.000000 7.000000 -25.000000 

Position: -40.000000 7.000000 -25.000000 

Position: -40.000000 7.000000 -75.000000 

Position: -40.000000 0.000000 -75.000000 

Position: -40.000000 0.000000 -25.000000 

Position: -35.000000 0.000000 -25.000000 

Position: -35.000000 7.000000 -25.000000 

Position: -35.000000 7.000000 -25.000000 

Position: -40.000000 7.000000 -25.000000 

Position: -40.000000 0.000000 -25.000000 

Position: -35.000000 0.000000 -25.000000 

Position: -35.000000 0.000000 -75.000000 

Position: -35.000000 7.000000 -75.000000 

Position: -35.000000 7.000000 -75.000000 

Position: -35.000000 7.000000 -25.000000 

Position: -35.000000 0.000000 -25.000000 

Position: -35.000000 0.000000 -75.000000 

Position: -40.000000 0.000000 -75.000000 

Position: -40.000000 7.000000 -75.000000 

Position: -40.000000 7.000000 -75.000000 

Position: -35.000000 7.000000 -75.000000 

Position: -35.000000 0.000000 -75.000000 

Position: -40.000000 0.000000 -25.000000 

Position: -40.000000 0.000000 -75.000000 

Position: -35.000000 0.000000 -25.000000 

Position: -35.000000 0.000000 -25.000000 

Position: -40.000000 0.000000 -75.000000 

Position: -35.000000 0.000000 -75.000000 


Name of mesh: Room33Collision6                                                                                    
Vertex count: 36

Collision: 1
Static mesh: 1



Position: 35.000000 7.000000 -25.000000 

Position: 40.000000 7.000000 -25.000000 

Position: 40.000000 7.000000 -75.000000 

Position: 40.000000 7.000000 -75.000000 

Position: 35.000000 7.000000 -75.000000 

Position: 35.000000 7.000000 -25.000000 

Position: 35.000000 0.000000 -75.000000 

Position: 35.000000 0.000000 -25.000000 

Position: 35.000000 7.000000 -25.000000 

Position: 35.000000 7.000000 -25.000000 

Position: 35.000000 7.000000 -75.000000 

Position: 35.000000 0.000000 -75.000000 

Position: 35.000000 0.000000 -25.000000 

Position: 40.000000 0.000000 -25.000000 

Position: 40.000000 7.000000 -25.000000 

Position: 40.000000 7.000000 -25.000000 

Position: 35.000000 7.000000 -25.000000 

Position: 35.000000 0.000000 -25.000000 

Position: 40.000000 0.000000 -25.000000 

Position: 40.000000 0.000000 -75.000000 

Position: 40.000000 7.000000 -75.000000 

Position: 40.000000 7.000000 -75.000000 

Position: 40.000000 7.000000 -25.000000 

Position: 40.000000 0.000000 -25.000000 

Position: 40.000000 0.000000 -75.000000 

Position: 35.000000 0.000000 -75.000000 

Position: 35.000000 7.000000 -75.000000 

Position: 35.000000 7.000000 -75.000000 

Position: 40.000000 7.000000 -75.000000 

Position: 40.000000 0.000000 -75.000000 

Position: 35.000000 0.000000 -25.000000 

Position: 35.000000 0.000000 -75.000000 

Position: 40.000000 0.000000 -25.000000 

Position: 40.000000 0.000000 -25.000000 

Position: 35.000000 0.000000 -75.000000 

Position: 40.000000 0.000000 -75.000000 


Name of mesh: Room33Collision2                                                                                    
Vertex count: 36

Collision: 1
Static mesh: 1



Position: -40.000000 7.000000 -70.000000 

Position: -5.000000 7.000000 -70.000000 

Position: -5.000000 7.000000 -75.000000 

Position: -5.000000 7.000000 -75.000000 

Position: -40.000000 7.000000 -75.000000 

Position: -40.000000 7.000000 -70.000000 

Position: -40.000000 0.000000 -75.000000 

Position: -40.000000 0.000000 -70.000000 

Position: -40.000000 7.000000 -70.000000 

Position: -40.000000 7.000000 -70.000000 

Position: -40.000000 7.000000 -75.000000 

Position: -40.000000 0.000000 -75.000000 

Position: -40.000000 0.000000 -70.000000 

Position: -5.000000 0.000000 -70.000000 

Position: -5.000000 7.000000 -70.000000 

Position: -5.000000 7.000000 -70.000000 

Position: -40.000000 7.000000 -70.000000 

Position: -40.000000 0.000000 -70.000000 

Position: -5.000000 0.000000 -70.000000 

Position: -5.000000 0.000000 -75.000000 

Position: -5.000000 7.000000 -75.000000 

Position: -5.000000 7.000000 -75.000000 

Position: -5.000000 7.000000 -70.000000 

Position: -5.000000 0.000000 -70.000000 

Position: -5.000000 0.000000 -75.000000 

Position: -40.000000 0.000000 -75.000000 

Position: -40.000000 7.000000 -75.000000 

Position: -40.000000 7.000000 -75.000000 

Position: -5.000000 7.000000 -75.000000 

Position: -5.000000 0.000000 -75.000000 

Position: -5.000000 0.000000 -70.000000 

Position: -40.000000 0.000000 -70.000000 

Position: -5.000000 0.000000 -75.000000 

Position: -5.000000 0.000000 -75.000000 

Position: -40.000000 0.000000 -70.000000 

Position: -40.000000 0.000000 -75.000000 


Name of mesh: Room33Collision3                                                                                    
Vertex count: 36

Collision: 1
Static mesh: 1



Position: -40.000000 7.000000 -25.000000 

Position: -5.000000 7.000000 -25.000000 

Position: -5.000000 7.000000 -30.000000 

Position: -5.000000 7.000000 -30.000000 

Position: -40.000000 7.000000 -30.000000 

Position: -40.000000 7.000000 -25.000000 

Position: -40.000000 0.000000 -30.000000 

Position: -40.000000 0.000000 -25.000000 

Position: -40.000000 7.000000 -25.000000 

Position: -40.000000 7.000000 -25.000000 

Position: -40.000000 7.000000 -30.000000 

Position: -40.000000 0.000000 -30.000000 

Position: -40.000000 0.000000 -25.000000 

Position: -5.000000 0.000000 -25.000000 

Position: -5.000000 7.000000 -25.000000 

Position: -5.000000 7.000000 -25.000000 

Position: -40.000000 7.000000 -25.000000 

Position: -40.000000 0.000000 -25.000000 

Position: -5.000000 0.000000 -25.000000 

Position: -5.000000 0.000000 -30.000000 

Position: -5.000000 7.000000 -30.000000 

Position: -5.000000 7.000000 -30.000000 

Position: -5.000000 7.000000 -25.000000 

Position: -5.000000 0.000000 -25.000000 

Position: -5.000000 0.000000 -30.000000 

Position: -40.000000 0.000000 -30.000000 

Position: -40.000000 7.000000 -30.000000 

Position: -40.000000 7.000000 -30.000000 

Position: -5.000000 7.000000 -30.000000 

Position: -5.000000 0.000000 -30.000000 

Position: -5.000000 0.000000 -25.000000 

Position: -40.000000 0.000000 -25.000000 

Position: -5.000000 0.000000 -30.000000 

Position: -5.000000 0.000000 -30.000000 

Position: -40.000000 0.000000 -25.000000 

Position: -40.000000 0.000000 -30.000000 


Name of mesh: Room33Collision4                                                                                    
Vertex count: 36

Collision: 1
Static mesh: 1



Position: 5.000000 7.000000 -25.000000 

Position: 40.000000 7.000000 -25.000000 

Position: 40.000000 7.000000 -30.000000 

Position: 40.000000 7.000000 -30.000000 

Position: 5.000000 7.000000 -30.000000 

Position: 5.000000 7.000000 -25.000000 

Position: 5.000000 0.000000 -30.000000 

Position: 5.000000 0.000000 -25.000000 

Position: 5.000000 7.000000 -25.000000 

Position: 5.000000 7.000000 -25.000000 

Position: 5.000000 7.000000 -30.000000 

Position: 5.000000 0.000000 -30.000000 

Position: 5.000000 0.000000 -25.000000 

Position: 40.000000 0.000000 -25.000000 

Position: 40.000000 7.000000 -25.000000 

Position: 40.000000 7.000000 -25.000000 

Position: 5.000000 7.000000 -25.000000 

Position: 5.000000 0.000000 -25.000000 

Position: 40.000000 0.000000 -25.000000 

Position: 40.000000 0.000000 -30.000000 

Position: 40.000000 7.000000 -30.000000 

Position: 40.000000 7.000000 -30.000000 

Position: 40.000000 7.000000 -25.000000 

Position: 40.000000 0.000000 -25.000000 

Position: 40.000000 0.000000 -30.000000 

Position: 5.000000 0.000000 -30.000000 

Position: 5.000000 7.000000 -30.000000 

Position: 5.000000 7.000000 -30.000000 

Position: 40.000000 7.000000 -30.000000 

Position: 40.000000 0.000000 -30.000000 

Position: 40.000000 0.000000 -25.000000 

Position: 5.000000 0.000000 -25.000000 

Position: 40.000000 0.000000 -30.000000 

Position: 40.000000 0.000000 -30.000000 

Position: 5.000000 0.000000 -25.000000 

Position: 5.000000 0.000000 -30.000000 


Name of mesh: Room33Collision5                                                                                    
Vertex count: 36

Collision: 1
Static mesh: 1



Position: 5.000000 7.000000 -70.000000 

Position: 40.000000 7.000000 -70.000000 

Position: 40.000000 7.000000 -75.000000 

Position: 40.000000 7.000000 -75.000000 

Position: 5.000000 7.000000 -75.000000 

Position: 5.000000 7.000000 -70.000000 

Position: 5.000000 0.000000 -75.000000 

Position: 5.000000 0.000000 -70.000000 

Position: 5.000000 7.000000 -70.000000 

Position: 5.000000 7.000000 -70.000000 

Position: 5.000000 7.000000 -75.000000 

Position: 5.000000 0.000000 -75.000000 

Position: 5.000000 0.000000 -70.000000 

Position: 40.000000 0.000000 -70.000000 

Position: 40.000000 7.000000 -70.000000 

Position: 40.000000 7.000000 -70.000000 

Position: 5.000000 7.000000 -70.000000 

Position: 5.000000 0.000000 -70.000000 

Position: 40.000000 0.000000 -70.000000 

Position: 40.000000 0.000000 -75.000000 

Position: 40.000000 7.000000 -75.000000 

Position: 40.000000 7.000000 -75.000000 

Position: 40.000000 7.000000 -70.000000 

Position: 40.000000 0.000000 -70.000000 

Position: 40.000000 0.000000 -75.000000 

Position: 5.000000 0.000000 -75.000000 

Position: 5.000000 7.000000 -75.000000 

Position: 5.000000 7.000000 -75.000000 

Position: 40.000000 7.000000 -75.000000 

Position: 40.000000 0.000000 -75.000000 

Position: 40.000000 0.000000 -70.000000 

Position: 5.000000 0.000000 -70.000000 

Position: 40.000000 0.000000 -75.000000 

Position: 40.000000 0.000000 -75.000000 

Position: 5.000000 0.000000 -70.000000 

Position: 5.000000 0.000000 -75.000000 


Name of mesh: TableCollision1                                                                                     
Vertex count: 36

Collision: 1
Static mesh: 1



Position: 12.831154 -1.552360 -52.015179 

Position: 21.892265 -1.552360 -52.015179 

Position: 12.831154 2.780736 -52.015179 

Position: 12.831154 2.780736 -52.015179 

Position: 21.892265 -1.552360 -52.015179 

Position: 21.892265 2.780736 -52.015179 

Position: 12.831154 2.780736 -52.015179 

Position: 21.892265 2.780736 -52.015179 

Position: 12.831154 2.780736 -58.390285 

Position: 12.831154 2.780736 -58.390285 

Position: 21.892265 2.780736 -52.015179 

Position: 21.892265 2.780736 -58.390285 

Position: 12.831154 2.780736 -58.390285 

Position: 21.892265 2.780736 -58.390285 

Position: 12.831154 -1.552360 -58.390285 

Position: 12.831154 -1.552360 -58.390285 

Position: 21.892265 2.780736 -58.390285 

Position: 21.892265 -1.552360 -58.390285 

Position: 12.831154 -1.552360 -58.390285 

Position: 21.892265 -1.552360 -58.390285 

Position: 12.831154 -1.552360 -52.015179 

Position: 12.831154 -1.552360 -52.015179 

Position: 21.892265 -1.552360 -58.390285 

Position: 21.892265 -1.552360 -52.015179 

Position: 21.892265 -1.552360 -52.015179 

Position: 21.892265 -1.552360 -58.390285 

Position: 21.892265 2.780736 -52.015179 

Position: 21.892265 2.780736 -52.015179 

Position: 21.892265 -1.552360 -58.390285 

Position: 21.892265 2.780736 -58.390285 

Position: 12.831154 -1.552360 -58.390285 

Position: 12.831154 -1.552360 -52.015179 

Position: 12.831154 2.780736 -58.390285 

Position: 12.831154 2.780736 -58.390285 

Position: 12.831154 -1.552360 -52.015179 

Position: 12.831154 2.780736 -52.015179 


Name of mesh: TableCollision2                                                                                     
Vertex count: 36

Collision: 1
Static mesh: 1



Position: -28.807659 -1.552360 -52.015179 

Position: -19.746548 -1.552360 -52.015179 

Position: -28.807659 2.780736 -52.015179 

Position: -28.807659 2.780736 -52.015179 

Position: -19.746548 -1.552360 -52.015179 

Position: -19.746548 2.780736 -52.015179 

Position: -28.807659 2.780736 -52.015179 

Position: -19.746548 2.780736 -52.015179 

Position: -28.807659 2.780736 -58.390285 

Position: -28.807659 2.780736 -58.390285 

Position: -19.746548 2.780736 -52.015179 

Position: -19.746548 2.780736 -58.390285 

Position: -28.807659 2.780736 -58.390285 

Position: -19.746548 2.780736 -58.390285 

Position: -28.807659 -1.552360 -58.390285 

Position: -28.807659 -1.552360 -58.390285 

Position: -19.746548 2.780736 -58.390285 

Position: -19.746548 -1.552360 -58.390285 

Position: -28.807659 -1.552360 -58.390285 

Position: -19.746548 -1.552360 -58.390285 

Position: -28.807659 -1.552360 -52.015179 

Position: -28.807659 -1.552360 -52.015179 

Position: -19.746548 -1.552360 -58.390285 

Position: -19.746548 -1.552360 -52.015179 

Position: -19.746548 -1.552360 -52.015179 

Position: -19.746548 -1.552360 -58.390285 

Position: -19.746548 2.780736 -52.015179 

Position: -19.746548 2.780736 -52.015179 

Position: -19.746548 -1.552360 -58.390285 

Position: -19.746548 2.780736 -58.390285 

Position: -28.807659 -1.552360 -58.390285 

Position: -28.807659 -1.552360 -52.015179 

Position: -28.807659 2.780736 -58.390285 

Position: -28.807659 2.780736 -58.390285 

Position: -28.807659 -1.552360 -52.015179 

Position: -28.807659 2.780736 -52.015179 


Name of mesh: ClosedCellsCollision1                                                                               
Vertex count: 36

Collision: 1
Static mesh: 1



Position: 24.130281 -0.273766 -44.876175 

Position: 34.962231 -0.273766 -44.876175 

Position: 24.130281 8.401033 -44.876175 

Position: 24.130281 8.401033 -44.876175 

Position: 34.962231 -0.273766 -44.876175 

Position: 34.962231 8.401033 -44.876175 

Position: 24.130281 8.401033 -44.876175 

Position: 34.962231 8.401033 -44.876175 

Position: 24.130281 8.401033 -46.077179 

Position: 24.130281 8.401033 -46.077179 

Position: 34.962231 8.401033 -44.876175 

Position: 34.962231 8.401033 -46.077179 

Position: 24.130281 8.401033 -46.077179 

Position: 34.962231 8.401033 -46.077179 

Position: 24.130281 -0.273766 -46.077179 

Position: 24.130281 -0.273766 -46.077179 

Position: 34.962231 8.401033 -46.077179 

Position: 34.962231 -0.273766 -46.077179 

Position: 24.130281 -0.273766 -46.077179 

Position: 34.962231 -0.273766 -46.077179 

Position: 24.130281 -0.273766 -44.876175 

Position: 24.130281 -0.273766 -44.876175 

Position: 34.962231 -0.273766 -46.077179 

Position: 34.962231 -0.273766 -44.876175 

Position: 34.962231 -0.273766 -44.876175 

Position: 34.962231 -0.273766 -46.077179 

Position: 34.962231 8.401033 -44.876175 

Position: 34.962231 8.401033 -44.876175 

Position: 34.962231 -0.273766 -46.077179 

Position: 34.962231 8.401033 -46.077179 

Position: 24.130281 -0.273766 -46.077179 

Position: 24.130281 -0.273766 -44.876175 

Position: 24.130281 8.401033 -46.077179 

Position: 24.130281 8.401033 -46.077179 

Position: 24.130281 -0.273766 -44.876175 

Position: 24.130281 8.401033 -44.876175 


Name of mesh: ClosedCellsCollision2                                                                               
Vertex count: 36

Collision: 1
Static mesh: 1



Position: 25.278057 -0.273766 -33.290394 

Position: 25.278057 -0.273766 -45.576450 

Position: 25.278057 8.401033 -33.290394 

Position: 25.278057 8.401033 -33.290394 

Position: 25.278057 -0.273766 -45.576450 

Position: 25.278057 8.401033 -45.576450 

Position: 25.278057 8.401033 -33.290394 

Position: 25.278057 8.401033 -45.576450 

Position: 24.077053 8.401033 -33.290394 

Position: 24.077053 8.401033 -33.290394 

Position: 25.278057 8.401033 -45.576450 

Position: 24.077053 8.401033 -45.576450 

Position: 24.077053 8.401033 -33.290394 

Position: 24.077053 8.401033 -45.576450 

Position: 24.077053 -0.273766 -33.290394 

Position: 24.077053 -0.273766 -33.290394 

Position: 24.077053 8.401033 -45.576450 

Position: 24.077053 -0.273766 -45.576450 

Position: 24.077053 -0.273766 -33.290394 

Position: 24.077053 -0.273766 -45.576450 

Position: 25.278057 -0.273766 -33.290394 

Position: 25.278057 -0.273766 -33.290394 

Position: 24.077053 -0.273766 -45.576450 

Position: 25.278057 -0.273766 -45.576450 

Position: 25.278057 -0.273766 -45.576450 

Position: 24.077053 -0.273766 -45.576450 

Position: 25.278057 8.401033 -45.576450 

Position: 25.278057 8.401033 -45.576450 

Position: 24.077053 -0.273766 -45.576450 

Position: 24.077053 8.401033 -45.576450 

Position: 24.077053 -0.273766 -33.290394 

Position: 25.278057 -0.273766 -33.290394 

Position: 24.077053 8.401033 -33.290394 

Position: 24.077053 8.401033 -33.290394 

Position: 25.278057 -0.273766 -33.290394 

Position: 25.278057 8.401033 -33.290394 


Name of mesh: CratesCollision10                                                                                   
Vertex count: 36

Collision: 1
Static mesh: 1



Position: 25.930254 -2.627049 -33.745422 

Position: 33.190964 -2.627049 -36.647800 

Position: 25.930254 2.166995 -33.745422 

Position: 25.930254 2.166995 -33.745422 

Position: 33.190964 -2.627049 -36.647800 

Position: 33.190964 2.166995 -36.647800 

Position: 25.930254 2.166995 -33.745422 

Position: 33.190964 2.166995 -36.647800 

Position: 24.940905 2.166995 -36.220417 

Position: 24.940905 2.166995 -36.220417 

Position: 33.190964 2.166995 -36.647800 

Position: 32.201611 2.166995 -39.122795 

Position: 24.940905 2.166995 -36.220417 

Position: 32.201611 2.166995 -39.122795 

Position: 24.940905 -2.627049 -36.220417 

Position: 24.940905 -2.627049 -36.220417 

Position: 32.201611 2.166995 -39.122795 

Position: 32.201611 -2.627049 -39.122795 

Position: 24.940905 -2.627049 -36.220417 

Position: 32.201611 -2.627049 -39.122795 

Position: 25.930254 -2.627049 -33.745422 

Position: 25.930254 -2.627049 -33.745422 

Position: 32.201611 -2.627049 -39.122795 

Position: 33.190964 -2.627049 -36.647800 

Position: 33.190964 -2.627049 -36.647800 

Position: 32.201611 -2.627049 -39.122795 

Position: 33.190964 2.166995 -36.647800 

Position: 33.190964 2.166995 -36.647800 

Position: 32.201611 -2.627049 -39.122795 

Position: 32.201611 2.166995 -39.122795 

Position: 24.940905 -2.627049 -36.220417 

Position: 25.930254 -2.627049 -33.745422 

Position: 24.940905 2.166995 -36.220417 

Position: 24.940905 2.166995 -36.220417 

Position: 25.930254 -2.627049 -33.745422 

Position: 25.930254 2.166995 -33.745422 


Name of mesh: BarrelsCollision4                                                                                   
Vertex count: 36

Collision: 1
Static mesh: 1



Position: 28.211786 0.378415 -40.405228 

Position: 33.102962 0.378415 -40.405228 

Position: 28.211786 4.087582 -40.405228 

Position: 28.211786 4.087582 -40.405228 

Position: 33.102962 0.378415 -40.405228 

Position: 33.102962 4.087582 -40.405228 

Position: 28.211786 4.087582 -40.405228 

Position: 33.102962 4.087582 -40.405228 

Position: 28.211786 4.087582 -44.572495 

Position: 28.211786 4.087582 -44.572495 

Position: 33.102962 4.087582 -40.405228 

Position: 33.102962 4.087582 -44.572495 

Position: 28.211786 4.087582 -44.572495 

Position: 33.102962 4.087582 -44.572495 

Position: 28.211786 0.378415 -44.572495 

Position: 28.211786 0.378415 -44.572495 

Position: 33.102962 4.087582 -44.572495 

Position: 33.102962 0.378415 -44.572495 

Position: 28.211786 0.378415 -44.572495 

Position: 33.102962 0.378415 -44.572495 

Position: 28.211786 0.378415 -40.405228 

Position: 28.211786 0.378415 -40.405228 

Position: 33.102962 0.378415 -44.572495 

Position: 33.102962 0.378415 -40.405228 

Position: 33.102962 0.378415 -40.405228 

Position: 33.102962 0.378415 -44.572495 

Position: 33.102962 4.087582 -40.405228 

Position: 33.102962 4.087582 -40.405228 

Position: 33.102962 0.378415 -44.572495 

Position: 33.102962 4.087582 -44.572495 

Position: 28.211786 0.378415 -44.572495 

Position: 28.211786 0.378415 -40.405228 

Position: 28.211786 4.087582 -44.572495 

Position: 28.211786 4.087582 -44.572495 

Position: 28.211786 0.378415 -40.405228 

Position: 28.211786 4.087582 -40.405228 


Name of mesh: BarrelsCollision3                                                                                   
Vertex count: 36

Collision: 1
Static mesh: 1



Position: 25.432907 -0.986198 -63.808472 

Position: 33.923038 -0.986198 -63.808472 

Position: 25.432907 5.452194 -63.808472 

Position: 25.432907 5.452194 -63.808472 

Position: 33.923038 -0.986198 -63.808472 

Position: 33.923038 5.452194 -63.808472 

Position: 25.432907 5.452194 -63.808472 

Position: 33.923038 5.452194 -63.808472 

Position: 25.432907 5.452194 -71.042038 

Position: 25.432907 5.452194 -71.042038 

Position: 33.923038 5.452194 -63.808472 

Position: 33.923038 5.452194 -71.042038 

Position: 25.432907 5.452194 -71.042038 

Position: 33.923038 5.452194 -71.042038 

Position: 25.432907 -0.986198 -71.042038 

Position: 25.432907 -0.986198 -71.042038 

Position: 33.923038 5.452194 -71.042038 

Position: 33.923038 -0.986198 -71.042038 

Position: 25.432907 -0.986198 -71.042038 

Position: 33.923038 -0.986198 -71.042038 

Position: 25.432907 -0.986198 -63.808472 

Position: 25.432907 -0.986198 -63.808472 

Position: 33.923038 -0.986198 -71.042038 

Position: 33.923038 -0.986198 -63.808472 

Position: 33.923038 -0.986198 -63.808472 

Position: 33.923038 -0.986198 -71.042038 

Position: 33.923038 5.452194 -63.808472 

Position: 33.923038 5.452194 -63.808472 

Position: 33.923038 -0.986198 -71.042038 

Position: 33.923038 5.452194 -71.042038 

Position: 25.432907 -0.986198 -71.042038 

Position: 25.432907 -0.986198 -63.808472 

Position: 25.432907 5.452194 -71.042038 

Position: 25.432907 5.452194 -71.042038 

Position: 25.432907 -0.986198 -63.808472 

Position: 25.432907 5.452194 -63.808472 


