Version: 3
Nr of dynamic meshes: 0
Nr of static meshes: 1
Nr of bounding boxes: 14
Nr of materials: 1

Name of mesh: Room06Mesh                                                                                          
Vertex count: 234
Material ID: 59
Collision: 0
Static mesh: 1



Position: 116.400002 7.000000 -79.000000 
UV: 0.034347 0.031102 
normal: 0.000000 1.000000 -0.000000 

Position: 43.599998 7.000000 -79.000000 
UV: 0.034347 0.619971 
normal: 0.000000 1.000000 -0.000000 

Position: 40.000000 7.000000 -75.000000 
UV: 0.001992 0.649091 
normal: 0.000000 1.000000 -0.000000 

Position: 40.000000 7.000000 -75.000000 
UV: 0.001992 0.649091 
normal: 0.000000 1.000000 -0.000000 

Position: 120.000000 7.000000 -75.000000 
UV: 0.001992 0.001982 
normal: 0.000000 1.000000 -0.000000 

Position: 116.400002 7.000000 -79.000000 
UV: 0.034347 0.031102 
normal: 0.000000 1.000000 -0.000000 

Position: 120.000000 5.950000 -75.000000 
UV: 0.461545 0.001982 
normal: 0.000000 0.000000 1.000000 

Position: 40.000000 5.950000 -75.000000 
UV: 0.461545 0.649091 
normal: 0.000000 0.000000 1.000000 

Position: 40.000000 0.000000 -75.000000 
UV: 0.413416 0.649091 
normal: 0.000000 0.000000 1.000000 

Position: 40.000000 0.000000 -75.000000 
UV: 0.413416 0.649091 
normal: 0.000000 0.000000 1.000000 

Position: 120.000000 0.000000 -75.000000 
UV: 0.413416 0.001982 
normal: 0.000000 0.000000 1.000000 

Position: 120.000000 5.950000 -75.000000 
UV: 0.461545 0.001982 
normal: 0.000000 0.000000 1.000000 

Position: 45.000000 5.950000 -80.000000 
UV: 0.888960 0.568202 
normal: 0.000000 0.000000 -1.000000 

Position: 115.000000 5.950000 -80.000000 
UV: 0.888960 0.001982 
normal: 0.000000 0.000000 -1.000000 

Position: 115.000000 0.000000 -80.000000 
UV: 0.937089 0.001982 
normal: 0.000000 0.000000 -1.000000 

Position: 115.000000 0.000000 -80.000000 
UV: 0.937089 0.001982 
normal: 0.000000 0.000000 -1.000000 

Position: 45.000000 0.000000 -80.000000 
UV: 0.937089 0.568202 
normal: 0.000000 0.000000 -1.000000 

Position: 45.000000 5.950000 -80.000000 
UV: 0.888960 0.568202 
normal: 0.000000 0.000000 -1.000000 

Position: 73.949997 7.000000 -125.000000 
UV: 0.872493 0.661576 
normal: 0.000000 1.000000 -0.000000 

Position: 40.000000 7.000000 -125.000000 
UV: 0.872493 0.936193 
normal: 0.000000 1.000000 -0.000000 

Position: 43.599998 7.000000 -121.000000 
UV: 0.840138 0.907073 
normal: 0.000000 1.000000 -0.000000 

Position: 43.599998 7.000000 -121.000000 
UV: 0.840138 0.907073 
normal: 0.000000 1.000000 -0.000000 

Position: 73.949997 7.000000 -121.000000 
UV: 0.840138 0.661576 
normal: 0.000000 1.000000 -0.000000 

Position: 73.949997 7.000000 -125.000000 
UV: 0.872493 0.661576 
normal: 0.000000 1.000000 -0.000000 

Position: 86.050003 7.000000 -125.000000 
UV: 0.406435 0.276599 
normal: 0.000000 1.000000 -0.000000 

Position: 86.050003 7.000000 -121.000000 
UV: 0.374080 0.276599 
normal: 0.000000 1.000000 -0.000000 

Position: 116.400002 7.000000 -121.000000 
UV: 0.374080 0.031102 
normal: 0.000000 1.000000 -0.000000 

Position: 116.400002 7.000000 -121.000000 
UV: 0.374080 0.031102 
normal: 0.000000 1.000000 -0.000000 

Position: 120.000000 7.000000 -125.000000 
UV: 0.406435 0.001982 
normal: 0.000000 1.000000 -0.000000 

Position: 86.050003 7.000000 -125.000000 
UV: 0.406435 0.276599 
normal: 0.000000 1.000000 -0.000000 

Position: 85.000000 0.000000 -125.000000 
UV: 0.704581 0.936193 
normal: 0.000000 0.000000 -1.000000 

Position: 85.000000 5.950000 -125.000000 
UV: 0.656452 0.936193 
normal: 0.000000 0.000000 -1.000000 

Position: 120.000000 5.950000 -125.000000 
UV: 0.656452 0.653083 
normal: 0.000000 0.000000 -1.000000 

Position: 120.000000 5.950000 -125.000000 
UV: 0.656452 0.653083 
normal: 0.000000 0.000000 -1.000000 

Position: 120.000000 0.000000 -125.000000 
UV: 0.704581 0.653083 
normal: 0.000000 0.000000 -1.000000 

Position: 85.000000 0.000000 -125.000000 
UV: 0.704581 0.936193 
normal: 0.000000 0.000000 -1.000000 

Position: 85.000000 0.000000 -120.000000 
UV: 0.219508 0.653083 
normal: -1.000000 0.000000 -0.000000 

Position: 85.000000 5.950000 -120.000000 
UV: 0.219508 0.701211 
normal: -1.000000 0.000000 -0.000000 

Position: 85.000000 5.950000 -125.000000 
UV: 0.179064 0.701211 
normal: -1.000000 0.000000 -0.000000 

Position: 85.000000 5.950000 -125.000000 
UV: 0.179064 0.701211 
normal: -1.000000 0.000000 -0.000000 

Position: 85.000000 0.000000 -125.000000 
UV: 0.179064 0.653083 
normal: -1.000000 0.000000 -0.000000 

Position: 85.000000 0.000000 -120.000000 
UV: 0.219508 0.653083 
normal: -1.000000 0.000000 -0.000000 

Position: 115.000000 0.000000 -120.000000 
UV: 0.530937 0.653083 
normal: 0.000000 0.000000 1.000000 

Position: 115.000000 5.950000 -120.000000 
UV: 0.579066 0.653083 
normal: 0.000000 0.000000 1.000000 

Position: 85.000000 5.950000 -120.000000 
UV: 0.579066 0.895749 
normal: 0.000000 0.000000 1.000000 

Position: 85.000000 5.950000 -120.000000 
UV: 0.579066 0.895749 
normal: 0.000000 0.000000 1.000000 

Position: 85.000000 0.000000 -120.000000 
UV: 0.530937 0.895749 
normal: 0.000000 0.000000 1.000000 

Position: 115.000000 0.000000 -120.000000 
UV: 0.530937 0.653083 
normal: 0.000000 0.000000 1.000000 

Position: 115.000000 0.000000 -80.000000 
UV: 0.878628 0.661172 
normal: -1.000000 0.000000 -0.000000 

Position: 115.000000 5.950000 -80.000000 
UV: 0.926757 0.661172 
normal: -1.000000 0.000000 -0.000000 

Position: 115.000000 5.950000 -120.000000 
UV: 0.926757 0.984726 
normal: -1.000000 0.000000 -0.000000 

Position: 115.000000 5.950000 -120.000000 
UV: 0.926757 0.984726 
normal: -1.000000 0.000000 -0.000000 

Position: 115.000000 0.000000 -120.000000 
UV: 0.878628 0.984726 
normal: -1.000000 0.000000 -0.000000 

Position: 115.000000 0.000000 -80.000000 
UV: 0.878628 0.661172 
normal: -1.000000 0.000000 -0.000000 

Position: 75.000000 0.000000 -120.000000 
UV: 0.476673 0.653083 
normal: 0.000000 0.000000 1.000000 

Position: 75.000000 5.950000 -120.000000 
UV: 0.524802 0.653083 
normal: 0.000000 0.000000 1.000000 

Position: 45.000000 5.950000 -120.000000 
UV: 0.524802 0.895749 
normal: 0.000000 0.000000 1.000000 

Position: 45.000000 5.950000 -120.000000 
UV: 0.524802 0.895749 
normal: 0.000000 0.000000 1.000000 

Position: 45.000000 0.000000 -120.000000 
UV: 0.476673 0.895749 
normal: 0.000000 0.000000 1.000000 

Position: 75.000000 0.000000 -120.000000 
UV: 0.476673 0.653083 
normal: 0.000000 0.000000 1.000000 

Position: 75.000000 0.000000 -125.000000 
UV: 0.172928 0.653083 
normal: 1.000000 0.000000 -0.000000 

Position: 75.000000 5.950000 -125.000000 
UV: 0.172928 0.701211 
normal: 1.000000 0.000000 -0.000000 

Position: 75.000000 5.950000 -120.000000 
UV: 0.132484 0.701211 
normal: 1.000000 0.000000 -0.000000 

Position: 75.000000 5.950000 -120.000000 
UV: 0.132484 0.701211 
normal: 1.000000 0.000000 -0.000000 

Position: 75.000000 0.000000 -120.000000 
UV: 0.132484 0.653083 
normal: 1.000000 0.000000 -0.000000 

Position: 75.000000 0.000000 -125.000000 
UV: 0.172928 0.653083 
normal: 1.000000 0.000000 -0.000000 

Position: 75.000000 5.950000 -125.000000 
UV: 0.593695 0.653083 
normal: 0.000000 0.000000 -1.000000 

Position: 40.000000 5.950000 -125.000000 
UV: 0.593695 0.936193 
normal: 0.000000 0.000000 -1.000000 

Position: 40.000000 7.000000 -125.000000 
UV: 0.585201 0.936193 
normal: 0.000000 0.000000 -1.000000 

Position: 40.000000 7.000000 -125.000000 
UV: 0.585201 0.936193 
normal: 0.000000 0.000000 -1.000000 

Position: 73.949997 7.000000 -125.000000 
UV: 0.585201 0.661576 
normal: 0.000000 0.000000 -1.000000 

Position: 75.000000 5.950000 -125.000000 
UV: 0.593695 0.653083 
normal: 0.000000 0.000000 -1.000000 

Position: 116.400002 7.000000 -79.000000 
UV: 0.034347 0.031102 
normal: 0.000000 1.000000 -0.000000 

Position: 120.000000 7.000000 -75.000000 
UV: 0.001992 0.001982 
normal: 0.000000 1.000000 -0.000000 

Position: 120.000000 7.000000 -125.000000 
UV: 0.406435 0.001982 
normal: 0.000000 1.000000 -0.000000 

Position: 120.000000 7.000000 -125.000000 
UV: 0.406435 0.001982 
normal: 0.000000 1.000000 -0.000000 

Position: 116.400002 7.000000 -121.000000 
UV: 0.374080 0.031102 
normal: 0.000000 1.000000 -0.000000 

Position: 116.400002 7.000000 -79.000000 
UV: 0.034347 0.031102 
normal: 0.000000 1.000000 -0.000000 

Position: 40.000000 0.000000 -125.000000 
UV: 0.882175 0.649091 
normal: 0.000000 1.000000 -0.000000 

Position: 40.000000 0.000000 -75.000000 
UV: 0.477731 0.649091 
normal: 0.000000 1.000000 -0.000000 

Position: 120.000000 0.000000 -75.000000 
UV: 0.477731 0.001982 
normal: 0.000000 1.000000 -0.000000 

Position: 40.000000 0.000000 -125.000000 
UV: 0.882175 0.649091 
normal: 0.000000 1.000000 -0.000000 

Position: 120.000000 0.000000 -75.000000 
UV: 0.477731 0.001982 
normal: 0.000000 1.000000 -0.000000 

Position: 120.000000 0.000000 -125.000000 
UV: 0.882175 0.001982 
normal: 0.000000 1.000000 -0.000000 

Position: 120.000000 0.000000 -125.000000 
UV: 0.941386 0.572194 
normal: 1.000000 0.000000 -0.000000 

Position: 120.000000 5.950000 -125.000000 
UV: 0.989515 0.572194 
normal: 1.000000 0.000000 -0.000000 

Position: 120.000000 5.950000 -75.000000 
UV: 0.989515 0.976637 
normal: 1.000000 0.000000 -0.000000 

Position: 120.000000 5.950000 -75.000000 
UV: 0.989515 0.976637 
normal: 1.000000 0.000000 -0.000000 

Position: 120.000000 0.000000 -75.000000 
UV: 0.941386 0.976637 
normal: 1.000000 0.000000 -0.000000 

Position: 120.000000 0.000000 -125.000000 
UV: 0.941386 0.572194 
normal: 1.000000 0.000000 -0.000000 

Position: 120.000000 5.950000 -75.000000 
UV: 0.461545 0.001982 
normal: 0.000000 0.000000 1.000000 

Position: 120.000000 7.000000 -75.000000 
UV: 0.470038 0.001982 
normal: 0.000000 0.000000 1.000000 

Position: 40.000000 7.000000 -75.000000 
UV: 0.470038 0.649091 
normal: 0.000000 0.000000 1.000000 

Position: 40.000000 7.000000 -75.000000 
UV: 0.470038 0.649091 
normal: 0.000000 0.000000 1.000000 

Position: 40.000000 5.950000 -75.000000 
UV: 0.461545 0.649091 
normal: 0.000000 0.000000 1.000000 

Position: 120.000000 5.950000 -75.000000 
UV: 0.461545 0.001982 
normal: 0.000000 0.000000 1.000000 

Position: 45.000000 5.950000 -80.000000 
UV: 0.042436 0.608647 
normal: 0.000000 0.689698 -0.724097 

Position: 43.599998 7.000000 -79.000000 
UV: 0.034347 0.619971 
normal: 0.000000 0.689698 -0.724097 

Position: 116.400002 7.000000 -79.000000 
UV: 0.034347 0.031102 
normal: 0.000000 0.689698 -0.724097 

Position: 116.400002 7.000000 -79.000000 
UV: 0.034347 0.031102 
normal: 0.000000 0.689698 -0.724097 

Position: 115.000000 5.950000 -80.000000 
UV: 0.042436 0.042426 
normal: 0.000000 0.689698 -0.724097 

Position: 45.000000 5.950000 -80.000000 
UV: 0.042436 0.608647 
normal: 0.000000 0.689698 -0.724097 

Position: 85.000000 5.950000 -125.000000 
UV: 0.656452 0.936193 
normal: 0.000000 0.000000 -1.000000 

Position: 86.050003 7.000000 -125.000000 
UV: 0.647958 0.927700 
normal: 0.000000 0.000000 -1.000000 

Position: 120.000000 7.000000 -125.000000 
UV: 0.647958 0.653083 
normal: 0.000000 0.000000 -1.000000 

Position: 120.000000 7.000000 -125.000000 
UV: 0.647958 0.653083 
normal: 0.000000 0.000000 -1.000000 

Position: 120.000000 5.950000 -125.000000 
UV: 0.656452 0.653083 
normal: 0.000000 0.000000 -1.000000 

Position: 85.000000 5.950000 -125.000000 
UV: 0.656452 0.936193 
normal: 0.000000 0.000000 -1.000000 

Position: 85.000000 5.950000 -120.000000 
UV: 0.219508 0.701211 
normal: -0.707107 0.707107 -0.000000 

Position: 86.050003 7.000000 -121.000000 
UV: 0.211419 0.709705 
normal: -0.707107 0.707107 -0.000000 

Position: 86.050003 7.000000 -125.000000 
UV: 0.179064 0.709705 
normal: -0.707107 0.707107 -0.000000 

Position: 86.050003 7.000000 -125.000000 
UV: 0.179064 0.709705 
normal: -0.707107 0.707107 -0.000000 

Position: 85.000000 5.950000 -125.000000 
UV: 0.179064 0.701211 
normal: -0.707107 0.707107 -0.000000 

Position: 85.000000 5.950000 -120.000000 
UV: 0.219508 0.701211 
normal: -0.707107 0.707107 -0.000000 

Position: 115.000000 5.950000 -120.000000 
UV: 0.365991 0.042426 
normal: 0.000000 0.689698 0.724097 

Position: 116.400002 7.000000 -121.000000 
UV: 0.374080 0.031102 
normal: 0.000000 0.689698 0.724097 

Position: 86.050003 7.000000 -121.000000 
UV: 0.374080 0.276599 
normal: 0.000000 0.689698 0.724097 

Position: 86.050003 7.000000 -121.000000 
UV: 0.374080 0.276599 
normal: 0.000000 0.689698 0.724097 

Position: 85.000000 5.950000 -120.000000 
UV: 0.365991 0.285092 
normal: 0.000000 0.689698 0.724097 

Position: 115.000000 5.950000 -120.000000 
UV: 0.365991 0.042426 
normal: 0.000000 0.689698 0.724097 

Position: 115.000000 5.950000 -80.000000 
UV: 0.926757 0.661172 
normal: -0.600000 0.800000 -0.000000 

Position: 116.400002 7.000000 -79.000000 
UV: 0.935251 0.653083 
normal: -0.600000 0.800000 -0.000000 

Position: 116.400002 7.000000 -121.000000 
UV: 0.935251 0.992815 
normal: -0.600000 0.800000 -0.000000 

Position: 116.400002 7.000000 -121.000000 
UV: 0.935251 0.992815 
normal: -0.600000 0.800000 -0.000000 

Position: 115.000000 5.950000 -120.000000 
UV: 0.926757 0.984726 
normal: -0.600000 0.800000 -0.000000 

Position: 115.000000 5.950000 -80.000000 
UV: 0.926757 0.661172 
normal: -0.600000 0.800000 -0.000000 

Position: 75.000000 5.950000 -120.000000 
UV: 0.832049 0.653083 
normal: 0.000000 0.689698 0.724097 

Position: 73.949997 7.000000 -121.000000 
UV: 0.840138 0.661576 
normal: 0.000000 0.689698 0.724097 

Position: 43.599998 7.000000 -121.000000 
UV: 0.840138 0.907073 
normal: 0.000000 0.689698 0.724097 

Position: 43.599998 7.000000 -121.000000 
UV: 0.840138 0.907073 
normal: 0.000000 0.689698 0.724097 

Position: 45.000000 5.950000 -120.000000 
UV: 0.832049 0.895749 
normal: 0.000000 0.689698 0.724097 

Position: 75.000000 5.950000 -120.000000 
UV: 0.832049 0.653083 
normal: 0.000000 0.689698 0.724097 

Position: 75.000000 5.950000 -125.000000 
UV: 0.172928 0.701211 
normal: 0.707107 0.707107 -0.000000 

Position: 73.949997 7.000000 -125.000000 
UV: 0.172928 0.709705 
normal: 0.707107 0.707107 -0.000000 

Position: 73.949997 7.000000 -121.000000 
UV: 0.140573 0.709705 
normal: 0.707107 0.707107 -0.000000 

Position: 73.949997 7.000000 -121.000000 
UV: 0.140573 0.709705 
normal: 0.707107 0.707107 -0.000000 

Position: 75.000000 5.950000 -120.000000 
UV: 0.132484 0.701211 
normal: 0.707107 0.707107 -0.000000 

Position: 75.000000 5.950000 -125.000000 
UV: 0.172928 0.701211 
normal: 0.707107 0.707107 -0.000000 

Position: 75.000000 5.950000 -125.000000 
UV: 0.593695 0.653083 
normal: 0.000000 0.000000 -1.000000 

Position: 75.000000 0.000000 -125.000000 
UV: 0.641823 0.653083 
normal: 0.000000 0.000000 -1.000000 

Position: 40.000000 0.000000 -125.000000 
UV: 0.641823 0.936193 
normal: 0.000000 0.000000 -1.000000 

Position: 40.000000 0.000000 -125.000000 
UV: 0.641823 0.936193 
normal: 0.000000 0.000000 -1.000000 

Position: 40.000000 5.950000 -125.000000 
UV: 0.593695 0.936193 
normal: 0.000000 0.000000 -1.000000 

Position: 75.000000 5.950000 -125.000000 
UV: 0.593695 0.653083 
normal: 0.000000 0.000000 -1.000000 

Position: 120.000000 5.950000 -125.000000 
UV: 0.989515 0.572194 
normal: 1.000000 0.000000 -0.000000 

Position: 120.000000 7.000000 -125.000000 
UV: 0.998008 0.572194 
normal: 1.000000 0.000000 -0.000000 

Position: 120.000000 7.000000 -75.000000 
UV: 0.998008 0.976637 
normal: 1.000000 0.000000 -0.000000 

Position: 120.000000 7.000000 -75.000000 
UV: 0.998008 0.976637 
normal: 1.000000 0.000000 -0.000000 

Position: 120.000000 5.950000 -75.000000 
UV: 0.989515 0.976637 
normal: 1.000000 0.000000 -0.000000 

Position: 120.000000 5.950000 -125.000000 
UV: 0.989515 0.572194 
normal: 1.000000 0.000000 -0.000000 

Position: 40.000000 5.950000 -105.000099 
UV: 0.399287 0.653083 
normal: -1.000000 0.000000 -0.000000 

Position: 40.000000 5.950000 -125.000000 
UV: 0.399287 0.814859 
normal: -1.000000 0.000000 -0.000000 

Position: 40.000000 0.000000 -125.000000 
UV: 0.351158 0.814859 
normal: -1.000000 0.000000 -0.000000 

Position: 40.000000 0.000000 -125.000000 
UV: 0.351158 0.814859 
normal: -1.000000 0.000000 -0.000000 

Position: 40.000000 0.000000 -105.000099 
UV: 0.351158 0.653083 
normal: -1.000000 0.000000 -0.000000 

Position: 40.000000 5.950000 -105.000099 
UV: 0.399287 0.653083 
normal: -1.000000 0.000000 -0.000000 

Position: 40.000000 0.000000 -95.000000 
UV: 0.413916 0.814860 
normal: -1.000000 0.000000 -0.000000 

Position: 40.000000 0.000000 -75.000000 
UV: 0.413916 0.653082 
normal: -1.000000 0.000000 -0.000000 

Position: 40.000000 5.950000 -75.000000 
UV: 0.462044 0.653082 
normal: -1.000000 0.000000 -0.000000 

Position: 40.000000 5.950000 -75.000000 
UV: 0.462044 0.653082 
normal: -1.000000 0.000000 -0.000000 

Position: 40.000000 5.950000 -95.000000 
UV: 0.462044 0.814860 
normal: -1.000000 0.000000 -0.000000 

Position: 40.000000 0.000000 -95.000000 
UV: 0.413916 0.814860 
normal: -1.000000 0.000000 -0.000000 

Position: 43.599998 7.000000 -121.000000 
UV: 0.840138 0.907073 
normal: 0.000000 1.000000 -0.000000 

Position: 40.000000 7.000000 -125.000000 
UV: 0.872493 0.936193 
normal: 0.000000 1.000000 -0.000000 

Position: 40.000000 7.000000 -106.000099 
UV: 0.718806 0.936193 
normal: 0.000000 1.000000 -0.000000 

Position: 40.000000 7.000000 -106.000099 
UV: 0.718806 0.936193 
normal: 0.000000 1.000000 -0.000000 

Position: 43.599998 7.000000 -106.000000 
UV: 0.718805 0.907073 
normal: 0.000000 1.000000 -0.000000 

Position: 43.599998 7.000000 -121.000000 
UV: 0.840138 0.907073 
normal: 0.000000 1.000000 -0.000000 

Position: 40.000000 7.000000 -94.000000 
UV: 0.155680 0.649091 
normal: 0.000000 1.000000 -0.000000 

Position: 40.000000 7.000000 -75.000000 
UV: 0.001992 0.649091 
normal: 0.000000 1.000000 -0.000000 

Position: 43.599998 7.000000 -79.000000 
UV: 0.034347 0.619971 
normal: 0.000000 1.000000 -0.000000 

Position: 43.599998 7.000000 -79.000000 
UV: 0.034347 0.619971 
normal: 0.000000 1.000000 -0.000000 

Position: 43.599998 7.000000 -94.000000 
UV: 0.155680 0.619971 
normal: 0.000000 1.000000 -0.000000 

Position: 40.000000 7.000000 -94.000000 
UV: 0.155680 0.649091 
normal: 0.000000 1.000000 -0.000000 

Position: 45.000000 0.000000 -105.000000 
UV: 0.288401 0.782504 
normal: 1.000000 0.000000 -0.000000 

Position: 45.000000 0.000000 -120.000000 
UV: 0.288401 0.661171 
normal: 1.000000 0.000000 -0.000000 

Position: 45.000000 5.950000 -120.000000 
UV: 0.336530 0.661171 
normal: 1.000000 0.000000 -0.000000 

Position: 45.000000 5.950000 -120.000000 
UV: 0.336530 0.661171 
normal: 1.000000 0.000000 -0.000000 

Position: 45.000000 5.950000 -105.000000 
UV: 0.336530 0.782504 
normal: 1.000000 0.000000 -0.000000 

Position: 45.000000 0.000000 -105.000000 
UV: 0.288401 0.782504 
normal: 1.000000 0.000000 -0.000000 

Position: 45.000000 5.950000 -95.000000 
UV: 0.273772 0.653083 
normal: 1.000000 0.000000 -0.000000 

Position: 45.000000 5.950000 -80.000000 
UV: 0.273772 0.774416 
normal: 1.000000 0.000000 -0.000000 

Position: 45.000000 0.000000 -80.000000 
UV: 0.225644 0.774416 
normal: 1.000000 0.000000 -0.000000 

Position: 45.000000 0.000000 -80.000000 
UV: 0.225644 0.774416 
normal: 1.000000 0.000000 -0.000000 

Position: 45.000000 0.000000 -95.000000 
UV: 0.225644 0.653083 
normal: 1.000000 0.000000 -0.000000 

Position: 45.000000 5.950000 -95.000000 
UV: 0.273772 0.653083 
normal: 1.000000 0.000000 -0.000000 

Position: 40.000000 5.950000 -95.000000 
UV: 0.462044 0.814860 
normal: -1.000000 0.000000 -0.000000 

Position: 40.000000 5.950000 -75.000000 
UV: 0.462044 0.653082 
normal: -1.000000 0.000000 -0.000000 

Position: 40.000000 7.000000 -75.000000 
UV: 0.470538 0.653082 
normal: -1.000000 0.000000 -0.000000 

Position: 40.000000 7.000000 -75.000000 
UV: 0.470538 0.653082 
normal: -1.000000 0.000000 -0.000000 

Position: 40.000000 7.000000 -94.000000 
UV: 0.470538 0.806771 
normal: -1.000000 0.000000 -0.000000 

Position: 40.000000 5.950000 -95.000000 
UV: 0.462044 0.814860 
normal: -1.000000 0.000000 -0.000000 

Position: 40.000000 7.000000 -106.000099 
UV: 0.407780 0.661171 
normal: -1.000000 0.000000 -0.000000 

Position: 40.000000 7.000000 -125.000000 
UV: 0.407780 0.814859 
normal: -1.000000 0.000000 -0.000000 

Position: 40.000000 5.950000 -125.000000 
UV: 0.399287 0.814859 
normal: -1.000000 0.000000 -0.000000 

Position: 40.000000 5.950000 -125.000000 
UV: 0.399287 0.814859 
normal: -1.000000 0.000000 -0.000000 

Position: 40.000000 5.950000 -105.000099 
UV: 0.399287 0.653083 
normal: -1.000000 0.000000 -0.000000 

Position: 40.000000 7.000000 -106.000099 
UV: 0.407780 0.661171 
normal: -1.000000 0.000000 -0.000000 

Position: 45.000000 5.950000 -120.000000 
UV: 0.336530 0.661171 
normal: 0.600000 0.800000 -0.000000 

Position: 43.599998 7.000000 -121.000000 
UV: 0.345023 0.653083 
normal: 0.600000 0.800000 -0.000000 

Position: 43.599998 7.000000 -106.000000 
UV: 0.345023 0.774416 
normal: 0.600000 0.800000 -0.000000 

Position: 43.599998 7.000000 -106.000000 
UV: 0.345023 0.774416 
normal: 0.600000 0.800000 -0.000000 

Position: 45.000000 5.950000 -105.000000 
UV: 0.336530 0.782504 
normal: 0.600000 0.800000 -0.000000 

Position: 45.000000 5.950000 -120.000000 
UV: 0.336530 0.661171 
normal: 0.600000 0.800000 -0.000000 

Position: 43.599998 7.000000 -94.000000 
UV: 0.282266 0.661172 
normal: 0.600000 0.800000 -0.000000 

Position: 43.599998 7.000000 -79.000000 
UV: 0.282266 0.782505 
normal: 0.600000 0.800000 -0.000000 

Position: 45.000000 5.950000 -80.000000 
UV: 0.273772 0.774416 
normal: 0.600000 0.800000 -0.000000 

Position: 45.000000 5.950000 -80.000000 
UV: 0.273772 0.774416 
normal: 0.600000 0.800000 -0.000000 

Position: 45.000000 5.950000 -95.000000 
UV: 0.273772 0.653083 
normal: 0.600000 0.800000 -0.000000 

Position: 43.599998 7.000000 -94.000000 
UV: 0.282266 0.661172 
normal: 0.600000 0.800000 -0.000000 

Position: 45.000000 5.950000 -105.000000 
UV: 0.710716 0.895749 
normal: -0.000000 0.689698 0.724097 

Position: 43.599998 7.000000 -106.000000 
UV: 0.718805 0.907073 
normal: -0.000000 0.689698 0.724097 

Position: 40.000000 7.000000 -106.000099 
UV: 0.718806 0.936193 
normal: -0.000000 0.689698 0.724097 

Position: 40.000000 7.000000 -106.000099 
UV: 0.718806 0.936193 
normal: -0.000000 0.689698 0.724097 

Position: 40.000000 5.950000 -105.000099 
UV: 0.710717 0.936193 
normal: -0.000000 0.689698 0.724097 

Position: 45.000000 5.950000 -105.000000 
UV: 0.710716 0.895749 
normal: -0.000000 0.689698 0.724097 

Position: 40.000000 5.950000 -95.000000 
UV: 0.163769 0.649091 
normal: -0.000000 0.689698 -0.724097 

Position: 40.000000 7.000000 -94.000000 
UV: 0.155680 0.649091 
normal: -0.000000 0.689698 -0.724097 

Position: 43.599998 7.000000 -94.000000 
UV: 0.155680 0.619971 
normal: -0.000000 0.689698 -0.724097 

Position: 43.599998 7.000000 -94.000000 
UV: 0.155680 0.619971 
normal: -0.000000 0.689698 -0.724097 

Position: 45.000000 5.950000 -95.000000 
UV: 0.163769 0.608647 
normal: -0.000000 0.689698 -0.724097 

Position: 40.000000 5.950000 -95.000000 
UV: 0.163769 0.649091 
normal: -0.000000 0.689698 -0.724097 

Position: 45.000000 0.000000 -105.000000 
UV: 0.126349 0.653083 
normal: -0.000000 0.000000 1.000000 

Position: 45.000000 5.950000 -105.000000 
UV: 0.126349 0.701211 
normal: -0.000000 0.000000 1.000000 

Position: 40.000000 5.950000 -105.000099 
UV: 0.085904 0.701211 
normal: -0.000000 0.000000 1.000000 

Position: 40.000000 5.950000 -105.000099 
UV: 0.085904 0.701211 
normal: -0.000000 0.000000 1.000000 

Position: 40.000000 0.000000 -105.000099 
UV: 0.085904 0.653083 
normal: -0.000000 0.000000 1.000000 

Position: 45.000000 0.000000 -105.000000 
UV: 0.126349 0.653083 
normal: -0.000000 0.000000 1.000000 

Position: 40.000000 0.000000 -95.000000 
UV: 0.039325 0.701211 
normal: -0.000000 0.000000 -1.000000 

Position: 40.000000 5.950000 -95.000000 
UV: 0.039325 0.653083 
normal: -0.000000 0.000000 -1.000000 

Position: 45.000000 5.950000 -95.000000 
UV: 0.079769 0.653083 
normal: -0.000000 0.000000 -1.000000 

Position: 45.000000 5.950000 -95.000000 
UV: 0.079769 0.653083 
normal: -0.000000 0.000000 -1.000000 

Position: 45.000000 0.000000 -95.000000 
UV: 0.079769 0.701211 
normal: -0.000000 0.000000 -1.000000 

Position: 40.000000 0.000000 -95.000000 
UV: 0.039325 0.701211 
normal: -0.000000 0.000000 -1.000000 


Name of albedo Texture: Wood.jpg                                                                                            
Name of normalmap:                                                                                                     
Material ID: 59
Nr of Textures: 1
What Shader: 1


Name of mesh: heaterCollision                                                                                     
Vertex count: 36

Collision: 1
Static mesh: 1



Position: 89.499565 -0.465587 -116.590332 

Position: 104.329659 -0.465587 -116.590332 

Position: 89.499565 5.501924 -116.590332 

Position: 89.499565 5.501924 -116.590332 

Position: 104.329659 -0.465587 -116.590332 

Position: 104.329659 5.501924 -116.590332 

Position: 89.499565 5.501924 -116.590332 

Position: 104.329659 5.501924 -116.590332 

Position: 89.499565 5.501924 -119.999695 

Position: 89.499565 5.501924 -119.999695 

Position: 104.329659 5.501924 -116.590332 

Position: 104.329659 5.501924 -119.999695 

Position: 89.499565 5.501924 -119.999695 

Position: 104.329659 5.501924 -119.999695 

Position: 89.499565 -0.465587 -119.999695 

Position: 89.499565 -0.465587 -119.999695 

Position: 104.329659 5.501924 -119.999695 

Position: 104.329659 -0.465587 -119.999695 

Position: 89.499565 -0.465587 -119.999695 

Position: 104.329659 -0.465587 -119.999695 

Position: 89.499565 -0.465587 -116.590332 

Position: 89.499565 -0.465587 -116.590332 

Position: 104.329659 -0.465587 -119.999695 

Position: 104.329659 -0.465587 -116.590332 

Position: 104.329659 -0.465587 -116.590332 

Position: 104.329659 -0.465587 -119.999695 

Position: 104.329659 5.501924 -116.590332 

Position: 104.329659 5.501924 -116.590332 

Position: 104.329659 -0.465587 -119.999695 

Position: 104.329659 5.501924 -119.999695 

Position: 89.499565 -0.465587 -119.999695 

Position: 89.499565 -0.465587 -116.590332 

Position: 89.499565 5.501924 -119.999695 

Position: 89.499565 5.501924 -119.999695 

Position: 89.499565 -0.465587 -116.590332 

Position: 89.499565 5.501924 -116.590332 


Name of mesh: ClosedCellsCollision3                                                                               
Vertex count: 36

Collision: 1
Static mesh: 1



Position: 53.217022 -0.273766 -119.484512 

Position: 53.131092 -0.273766 -108.652901 

Position: 53.217022 8.401033 -119.484512 

Position: 53.217022 8.401033 -119.484512 

Position: 53.131092 -0.273766 -108.652901 

Position: 53.131092 8.401033 -108.652901 

Position: 53.217022 8.401033 -119.484512 

Position: 53.131092 8.401033 -108.652901 

Position: 54.417988 8.401033 -119.474983 

Position: 54.417988 8.401033 -119.474983 

Position: 53.131092 8.401033 -108.652901 

Position: 54.332058 8.401033 -108.643372 

Position: 54.417988 8.401033 -119.474983 

Position: 54.332058 8.401033 -108.643372 

Position: 54.417988 -0.273766 -119.474983 

Position: 54.417988 -0.273766 -119.474983 

Position: 54.332058 8.401033 -108.643372 

Position: 54.332058 -0.273766 -108.643372 

Position: 54.417988 -0.273766 -119.474983 

Position: 54.332058 -0.273766 -108.643372 

Position: 53.217022 -0.273766 -119.484512 

Position: 53.217022 -0.273766 -119.484512 

Position: 54.332058 -0.273766 -108.643372 

Position: 53.131092 -0.273766 -108.652901 

Position: 53.131092 -0.273766 -108.652901 

Position: 54.332058 -0.273766 -108.643372 

Position: 53.131092 8.401033 -108.652901 

Position: 53.131092 8.401033 -108.652901 

Position: 54.332058 -0.273766 -108.643372 

Position: 54.332058 8.401033 -108.643372 

Position: 54.417988 -0.273766 -119.474983 

Position: 53.217022 -0.273766 -119.484512 

Position: 54.417988 8.401033 -119.474983 

Position: 54.417988 8.401033 -119.474983 

Position: 53.217022 -0.273766 -119.484512 

Position: 53.217022 8.401033 -119.484512 


Name of mesh: ClosedCellsCollision4                                                                               
Vertex count: 36

Collision: 1
Static mesh: 1



Position: 43.763779 -0.273766 -107.730431 

Position: 54.324417 -0.273766 -107.646652 

Position: 43.763779 8.401033 -107.730431 

Position: 43.763779 8.401033 -107.730431 

Position: 54.324417 -0.273766 -107.646652 

Position: 54.324417 8.401033 -107.646652 

Position: 43.763779 8.401033 -107.730431 

Position: 54.324417 8.401033 -107.646652 

Position: 43.773308 8.401033 -108.931396 

Position: 43.773308 8.401033 -108.931396 

Position: 54.324417 8.401033 -107.646652 

Position: 54.333946 8.401033 -108.847618 

Position: 43.773308 8.401033 -108.931396 

Position: 54.333946 8.401033 -108.847618 

Position: 43.773308 -0.273766 -108.931396 

Position: 43.773308 -0.273766 -108.931396 

Position: 54.333946 8.401033 -108.847618 

Position: 54.333946 -0.273766 -108.847618 

Position: 43.773308 -0.273766 -108.931396 

Position: 54.333946 -0.273766 -108.847618 

Position: 43.763779 -0.273766 -107.730431 

Position: 43.763779 -0.273766 -107.730431 

Position: 54.333946 -0.273766 -108.847618 

Position: 54.324417 -0.273766 -107.646652 

Position: 54.324417 -0.273766 -107.646652 

Position: 54.333946 -0.273766 -108.847618 

Position: 54.324417 8.401033 -107.646652 

Position: 54.324417 8.401033 -107.646652 

Position: 54.333946 -0.273766 -108.847618 

Position: 54.333946 8.401033 -108.847618 

Position: 43.773308 -0.273766 -108.931396 

Position: 43.763779 -0.273766 -107.730431 

Position: 43.773308 8.401033 -108.931396 

Position: 43.773308 8.401033 -108.931396 

Position: 43.763779 -0.273766 -107.730431 

Position: 43.763779 8.401033 -107.730431 


Name of mesh: ChairCollision2                                                                                     
Vertex count: 36

Collision: 1
Static mesh: 1



Position: 98.798958 -0.092308 -98.320305 

Position: 98.776978 1.996731 -98.338768 

Position: 99.634377 -0.111691 -101.507301 

Position: 99.634377 -0.111691 -101.507301 

Position: 98.776978 1.996731 -98.338768 

Position: 99.612404 1.977347 -101.525764 

Position: 99.634377 -0.111691 -101.507301 

Position: 99.612404 1.977347 -101.525764 

Position: 101.676651 -0.085479 -100.972115 

Position: 101.676651 -0.085479 -100.972115 

Position: 99.612404 1.977347 -101.525764 

Position: 101.654671 2.003559 -100.990578 

Position: 101.676651 -0.085479 -100.972115 

Position: 101.654671 2.003559 -100.990578 

Position: 100.841225 -0.066096 -97.785118 

Position: 100.841225 -0.066096 -97.785118 

Position: 101.654671 2.003559 -100.990578 

Position: 100.819252 2.022943 -97.803581 

Position: 100.841225 -0.066096 -97.785118 

Position: 100.819252 2.022943 -97.803581 

Position: 98.798958 -0.092308 -98.320305 

Position: 98.798958 -0.092308 -98.320305 

Position: 100.819252 2.022943 -97.803581 

Position: 98.776978 1.996731 -98.338768 

Position: 98.776978 1.996731 -98.338768 

Position: 100.819252 2.022943 -97.803581 

Position: 99.612404 1.977347 -101.525764 

Position: 99.612404 1.977347 -101.525764 

Position: 100.819252 2.022943 -97.803581 

Position: 101.654671 2.003559 -100.990578 

Position: 100.841225 -0.066096 -97.785118 

Position: 98.798958 -0.092308 -98.320305 

Position: 101.676651 -0.085479 -100.972115 

Position: 101.676651 -0.085479 -100.972115 

Position: 98.798958 -0.092308 -98.320305 

Position: 99.634377 -0.111691 -101.507301 


Name of mesh: ChairCollision3                                                                                     
Vertex count: 36

Collision: 1
Static mesh: 1



Position: 99.233292 -0.016984 -108.852058 

Position: 100.464653 -0.016984 -107.164261 

Position: 99.233292 3.277748 -108.852058 

Position: 99.233292 3.277748 -108.852058 

Position: 100.464653 -0.016984 -107.164261 

Position: 100.464653 3.277748 -107.164261 

Position: 99.233292 3.277748 -108.852058 

Position: 100.464653 3.277748 -107.164261 

Position: 100.938988 3.277748 -110.096481 

Position: 100.938988 3.277748 -110.096481 

Position: 100.464653 3.277748 -107.164261 

Position: 102.170349 3.277748 -108.408684 

Position: 100.938988 3.277748 -110.096481 

Position: 102.170349 3.277748 -108.408684 

Position: 100.938988 -0.016984 -110.096481 

Position: 100.938988 -0.016984 -110.096481 

Position: 102.170349 3.277748 -108.408684 

Position: 102.170349 -0.016984 -108.408684 

Position: 100.938988 -0.016984 -110.096481 

Position: 102.170349 -0.016984 -108.408684 

Position: 99.233292 -0.016984 -108.852058 

Position: 99.233292 -0.016984 -108.852058 

Position: 102.170349 -0.016984 -108.408684 

Position: 100.464653 -0.016984 -107.164261 

Position: 100.464653 -0.016984 -107.164261 

Position: 102.170349 -0.016984 -108.408684 

Position: 100.464653 3.277748 -107.164261 

Position: 100.464653 3.277748 -107.164261 

Position: 102.170349 -0.016984 -108.408684 

Position: 102.170349 3.277748 -108.408684 

Position: 100.938988 -0.016984 -110.096481 

Position: 99.233292 -0.016984 -108.852058 

Position: 100.938988 3.277748 -110.096481 

Position: 100.938988 3.277748 -110.096481 

Position: 99.233292 -0.016984 -108.852058 

Position: 99.233292 3.277748 -108.852058 


Name of mesh: ChairCollision4                                                                                     
Vertex count: 36

Collision: 1
Static mesh: 1



Position: 95.452545 -0.016984 -90.363403 

Position: 97.527054 -0.016984 -90.611061 

Position: 95.452545 3.277748 -90.363403 

Position: 95.452545 3.277748 -90.363403 

Position: 97.527054 -0.016984 -90.611061 

Position: 97.527054 3.277748 -90.611061 

Position: 95.452545 3.277748 -90.363403 

Position: 97.527054 3.277748 -90.611061 

Position: 95.202255 3.277748 -92.459908 

Position: 95.202255 3.277748 -92.459908 

Position: 97.527054 3.277748 -90.611061 

Position: 97.276764 3.277748 -92.707565 

Position: 95.202255 3.277748 -92.459908 

Position: 97.276764 3.277748 -92.707565 

Position: 95.202255 -0.016984 -92.459908 

Position: 95.202255 -0.016984 -92.459908 

Position: 97.276764 3.277748 -92.707565 

Position: 97.276764 -0.016984 -92.707565 

Position: 95.202255 -0.016984 -92.459908 

Position: 97.276764 -0.016984 -92.707565 

Position: 95.452545 -0.016984 -90.363403 

Position: 95.452545 -0.016984 -90.363403 

Position: 97.276764 -0.016984 -92.707565 

Position: 97.527054 -0.016984 -90.611061 

Position: 97.527054 -0.016984 -90.611061 

Position: 97.276764 -0.016984 -92.707565 

Position: 97.527054 3.277748 -90.611061 

Position: 97.527054 3.277748 -90.611061 

Position: 97.276764 -0.016984 -92.707565 

Position: 97.276764 3.277748 -92.707565 

Position: 95.202255 -0.016984 -92.459908 

Position: 95.452545 -0.016984 -90.363403 

Position: 95.202255 3.277748 -92.459908 

Position: 95.202255 3.277748 -92.459908 

Position: 95.452545 -0.016984 -90.363403 

Position: 95.452545 3.277748 -90.363403 


Name of mesh: CratesCollision3                                                                                    
Vertex count: 36

Collision: 1
Static mesh: 1



Position: 46.698807 -1.435293 -111.460762 

Position: 52.623474 -1.435293 -116.563698 

Position: 46.698807 3.358751 -111.460762 

Position: 46.698807 3.358751 -111.460762 

Position: 52.623474 -1.435293 -116.563698 

Position: 52.623474 3.358751 -116.563698 

Position: 46.698807 3.358751 -111.460762 

Position: 52.623474 3.358751 -116.563698 

Position: 44.815758 3.358751 -113.647041 

Position: 44.815758 3.358751 -113.647041 

Position: 52.623474 3.358751 -116.563698 

Position: 50.740425 3.358751 -118.749977 

Position: 44.815758 3.358751 -113.647041 

Position: 50.740425 3.358751 -118.749977 

Position: 44.815758 -1.435293 -113.647041 

Position: 44.815758 -1.435293 -113.647041 

Position: 50.740425 3.358751 -118.749977 

Position: 50.740425 -1.435293 -118.749977 

Position: 44.815758 -1.435293 -113.647041 

Position: 50.740425 -1.435293 -118.749977 

Position: 46.698807 -1.435293 -111.460762 

Position: 46.698807 -1.435293 -111.460762 

Position: 50.740425 -1.435293 -118.749977 

Position: 52.623474 -1.435293 -116.563698 

Position: 52.623474 -1.435293 -116.563698 

Position: 50.740425 -1.435293 -118.749977 

Position: 52.623474 3.358751 -116.563698 

Position: 52.623474 3.358751 -116.563698 

Position: 50.740425 -1.435293 -118.749977 

Position: 50.740425 3.358751 -118.749977 

Position: 44.815758 -1.435293 -113.647041 

Position: 46.698807 -1.435293 -111.460762 

Position: 44.815758 3.358751 -113.647041 

Position: 44.815758 3.358751 -113.647041 

Position: 46.698807 -1.435293 -111.460762 

Position: 46.698807 3.358751 -111.460762 


Name of mesh: CratesCollision2                                                                                    
Vertex count: 36

Collision: 1
Static mesh: 1



Position: 51.420422 -1.530312 -108.754112 

Position: 53.492813 -1.530312 -110.561249 

Position: 51.420422 1.129031 -108.754112 

Position: 51.420422 1.129031 -108.754112 

Position: 53.492813 -1.530312 -110.561249 

Position: 53.492813 1.129031 -110.561249 

Position: 51.420422 1.129031 -108.754112 

Position: 53.492813 1.129031 -110.561249 

Position: 49.623451 1.129031 -110.814850 

Position: 49.623451 1.129031 -110.814850 

Position: 53.492813 1.129031 -110.561249 

Position: 51.695843 1.129031 -112.621986 

Position: 49.623451 1.129031 -110.814850 

Position: 51.695843 1.129031 -112.621986 

Position: 49.623451 -1.530312 -110.814850 

Position: 49.623451 -1.530312 -110.814850 

Position: 51.695843 1.129031 -112.621986 

Position: 51.695843 -1.530312 -112.621986 

Position: 49.623451 -1.530312 -110.814850 

Position: 51.695843 -1.530312 -112.621986 

Position: 51.420422 -1.530312 -108.754112 

Position: 51.420422 -1.530312 -108.754112 

Position: 51.695843 -1.530312 -112.621986 

Position: 53.492813 -1.530312 -110.561249 

Position: 53.492813 -1.530312 -110.561249 

Position: 51.695843 -1.530312 -112.621986 

Position: 53.492813 1.129031 -110.561249 

Position: 53.492813 1.129031 -110.561249 

Position: 51.695843 -1.530312 -112.621986 

Position: 51.695843 1.129031 -112.621986 

Position: 49.623451 -1.530312 -110.814850 

Position: 51.420422 -1.530312 -108.754112 

Position: 49.623451 1.129031 -110.814850 

Position: 49.623451 1.129031 -110.814850 

Position: 51.420422 -1.530312 -108.754112 

Position: 51.420422 1.129031 -108.754112 


Name of mesh: Room06Collision1                                                                                    
Vertex count: 36

Collision: 1
Static mesh: 1



Position: 115.000000 7.000000 -75.000000 

Position: 120.000000 7.000000 -75.000000 

Position: 120.000000 7.000000 -125.000000 

Position: 120.000000 7.000000 -125.000000 

Position: 115.000000 7.000000 -125.000000 

Position: 115.000000 7.000000 -75.000000 

Position: 115.000000 0.000000 -125.000000 

Position: 115.000000 0.000000 -75.000000 

Position: 115.000000 7.000000 -75.000000 

Position: 115.000000 7.000000 -75.000000 

Position: 115.000000 7.000000 -125.000000 

Position: 115.000000 0.000000 -125.000000 

Position: 115.000000 0.000000 -75.000000 

Position: 120.000000 0.000000 -75.000000 

Position: 120.000000 7.000000 -75.000000 

Position: 120.000000 7.000000 -75.000000 

Position: 115.000000 7.000000 -75.000000 

Position: 115.000000 0.000000 -75.000000 

Position: 120.000000 0.000000 -75.000000 

Position: 120.000000 0.000000 -125.000000 

Position: 120.000000 7.000000 -125.000000 

Position: 120.000000 7.000000 -125.000000 

Position: 120.000000 7.000000 -75.000000 

Position: 120.000000 0.000000 -75.000000 

Position: 120.000000 0.000000 -125.000000 

Position: 115.000000 0.000000 -125.000000 

Position: 115.000000 7.000000 -125.000000 

Position: 115.000000 7.000000 -125.000000 

Position: 120.000000 7.000000 -125.000000 

Position: 120.000000 0.000000 -125.000000 

Position: 115.000000 0.000000 -75.000000 

Position: 115.000000 0.000000 -125.000000 

Position: 120.000000 0.000000 -75.000000 

Position: 120.000000 0.000000 -75.000000 

Position: 115.000000 0.000000 -125.000000 

Position: 120.000000 0.000000 -125.000000 


Name of mesh: Room06Collision2                                                                                    
Vertex count: 36

Collision: 1
Static mesh: 1



Position: 40.000000 7.000000 -75.000000 

Position: 120.000000 7.000000 -75.000000 

Position: 120.000000 7.000000 -80.000000 

Position: 120.000000 7.000000 -80.000000 

Position: 40.000000 7.000000 -80.000000 

Position: 40.000000 7.000000 -75.000000 

Position: 40.000000 -0.000000 -80.000000 

Position: 40.000000 -0.000000 -75.000000 

Position: 40.000000 7.000000 -75.000000 

Position: 40.000000 7.000000 -75.000000 

Position: 40.000000 7.000000 -80.000000 

Position: 40.000000 -0.000000 -80.000000 

Position: 40.000000 -0.000000 -75.000000 

Position: 120.000000 -0.000000 -75.000000 

Position: 120.000000 7.000000 -75.000000 

Position: 120.000000 7.000000 -75.000000 

Position: 40.000000 7.000000 -75.000000 

Position: 40.000000 -0.000000 -75.000000 

Position: 120.000000 -0.000000 -75.000000 

Position: 120.000000 -0.000000 -80.000000 

Position: 120.000000 7.000000 -80.000000 

Position: 120.000000 7.000000 -80.000000 

Position: 120.000000 7.000000 -75.000000 

Position: 120.000000 -0.000000 -75.000000 

Position: 120.000000 -0.000000 -80.000000 

Position: 40.000000 -0.000000 -80.000000 

Position: 40.000000 7.000000 -80.000000 

Position: 40.000000 7.000000 -80.000000 

Position: 120.000000 7.000000 -80.000000 

Position: 120.000000 -0.000000 -80.000000 

Position: 120.000000 -0.000000 -75.000000 

Position: 40.000000 -0.000000 -75.000000 

Position: 120.000000 -0.000000 -80.000000 

Position: 120.000000 -0.000000 -80.000000 

Position: 40.000000 -0.000000 -75.000000 

Position: 40.000000 -0.000000 -80.000000 


Name of mesh: Room06Collision3                                                                                    
Vertex count: 36

Collision: 1
Static mesh: 1



Position: 40.000000 7.000000 -75.000000 

Position: 45.000000 7.000000 -75.000000 

Position: 45.000000 7.000000 -95.000000 

Position: 45.000000 7.000000 -95.000000 

Position: 40.000000 7.000000 -95.000000 

Position: 40.000000 7.000000 -75.000000 

Position: 40.000000 0.000000 -95.000000 

Position: 40.000000 0.000000 -75.000000 

Position: 40.000000 7.000000 -75.000000 

Position: 40.000000 7.000000 -75.000000 

Position: 40.000000 7.000000 -95.000000 

Position: 40.000000 0.000000 -95.000000 

Position: 40.000000 0.000000 -75.000000 

Position: 45.000000 0.000000 -75.000000 

Position: 45.000000 7.000000 -75.000000 

Position: 45.000000 7.000000 -75.000000 

Position: 40.000000 7.000000 -75.000000 

Position: 40.000000 0.000000 -75.000000 

Position: 45.000000 0.000000 -75.000000 

Position: 45.000000 0.000000 -95.000000 

Position: 45.000000 7.000000 -95.000000 

Position: 45.000000 7.000000 -95.000000 

Position: 45.000000 7.000000 -75.000000 

Position: 45.000000 0.000000 -75.000000 

Position: 45.000000 0.000000 -95.000000 

Position: 40.000000 0.000000 -95.000000 

Position: 40.000000 7.000000 -95.000000 

Position: 40.000000 7.000000 -95.000000 

Position: 45.000000 7.000000 -95.000000 

Position: 45.000000 0.000000 -95.000000 

Position: 40.000000 0.000000 -75.000000 

Position: 40.000000 0.000000 -95.000000 

Position: 45.000000 0.000000 -75.000000 

Position: 45.000000 0.000000 -75.000000 

Position: 40.000000 0.000000 -95.000000 

Position: 45.000000 0.000000 -95.000000 


Name of mesh: Room06Collision4                                                                                    
Vertex count: 36

Collision: 1
Static mesh: 1



Position: 85.000000 7.000000 -120.000000 

Position: 120.000000 7.000000 -120.000000 

Position: 120.000000 7.000000 -125.000000 

Position: 120.000000 7.000000 -125.000000 

Position: 85.000000 7.000000 -125.000000 

Position: 85.000000 7.000000 -120.000000 

Position: 85.000000 0.000000 -125.000000 

Position: 85.000000 0.000000 -120.000000 

Position: 85.000000 7.000000 -120.000000 

Position: 85.000000 7.000000 -120.000000 

Position: 85.000000 7.000000 -125.000000 

Position: 85.000000 0.000000 -125.000000 

Position: 85.000000 0.000000 -120.000000 

Position: 120.000000 0.000000 -120.000000 

Position: 120.000000 7.000000 -120.000000 

Position: 120.000000 7.000000 -120.000000 

Position: 85.000000 7.000000 -120.000000 

Position: 85.000000 0.000000 -120.000000 

Position: 120.000000 0.000000 -120.000000 

Position: 120.000000 0.000000 -125.000000 

Position: 120.000000 7.000000 -125.000000 

Position: 120.000000 7.000000 -125.000000 

Position: 120.000000 7.000000 -120.000000 

Position: 120.000000 0.000000 -120.000000 

Position: 120.000000 0.000000 -125.000000 

Position: 85.000000 0.000000 -125.000000 

Position: 85.000000 7.000000 -125.000000 

Position: 85.000000 7.000000 -125.000000 

Position: 120.000000 7.000000 -125.000000 

Position: 120.000000 0.000000 -125.000000 

Position: 120.000000 0.000000 -120.000000 

Position: 85.000000 0.000000 -120.000000 

Position: 120.000000 0.000000 -125.000000 

Position: 120.000000 0.000000 -125.000000 

Position: 85.000000 0.000000 -120.000000 

Position: 85.000000 0.000000 -125.000000 


Name of mesh: Room06Collision5                                                                                    
Vertex count: 36

Collision: 1
Static mesh: 1



Position: 40.000000 7.000000 -120.000000 

Position: 75.000000 7.000000 -120.000000 

Position: 75.000000 7.000000 -125.000000 

Position: 75.000000 7.000000 -125.000000 

Position: 40.000000 7.000000 -125.000000 

Position: 40.000000 7.000000 -120.000000 

Position: 40.000000 0.000000 -125.000000 

Position: 40.000000 0.000000 -120.000000 

Position: 40.000000 7.000000 -120.000000 

Position: 40.000000 7.000000 -120.000000 

Position: 40.000000 7.000000 -125.000000 

Position: 40.000000 0.000000 -125.000000 

Position: 40.000000 0.000000 -120.000000 

Position: 75.000000 0.000000 -120.000000 

Position: 75.000000 7.000000 -120.000000 

Position: 75.000000 7.000000 -120.000000 

Position: 40.000000 7.000000 -120.000000 

Position: 40.000000 0.000000 -120.000000 

Position: 75.000000 0.000000 -120.000000 

Position: 75.000000 0.000000 -125.000000 

Position: 75.000000 7.000000 -125.000000 

Position: 75.000000 7.000000 -125.000000 

Position: 75.000000 7.000000 -120.000000 

Position: 75.000000 0.000000 -120.000000 

Position: 75.000000 0.000000 -125.000000 

Position: 40.000000 0.000000 -125.000000 

Position: 40.000000 7.000000 -125.000000 

Position: 40.000000 7.000000 -125.000000 

Position: 75.000000 7.000000 -125.000000 

Position: 75.000000 0.000000 -125.000000 

Position: 75.000000 0.000000 -120.000000 

Position: 40.000000 0.000000 -120.000000 

Position: 75.000000 0.000000 -125.000000 

Position: 75.000000 0.000000 -125.000000 

Position: 40.000000 0.000000 -120.000000 

Position: 40.000000 0.000000 -125.000000 


Name of mesh: Room06Collision6                                                                                    
Vertex count: 36

Collision: 1
Static mesh: 1



Position: 40.000000 7.000000 -105.000000 

Position: 45.000000 7.000000 -105.000000 

Position: 45.000000 7.000000 -125.000000 

Position: 45.000000 7.000000 -125.000000 

Position: 40.000000 7.000000 -125.000000 

Position: 40.000000 7.000000 -105.000000 

Position: 40.000000 0.000000 -125.000000 

Position: 40.000000 0.000000 -105.000000 

Position: 40.000000 7.000000 -105.000000 

Position: 40.000000 7.000000 -105.000000 

Position: 40.000000 7.000000 -125.000000 

Position: 40.000000 0.000000 -125.000000 

Position: 40.000000 0.000000 -105.000000 

Position: 45.000000 0.000000 -105.000000 

Position: 45.000000 7.000000 -105.000000 

Position: 45.000000 7.000000 -105.000000 

Position: 40.000000 7.000000 -105.000000 

Position: 40.000000 0.000000 -105.000000 

Position: 45.000000 0.000000 -105.000000 

Position: 45.000000 0.000000 -125.000000 

Position: 45.000000 7.000000 -125.000000 

Position: 45.000000 7.000000 -125.000000 

Position: 45.000000 7.000000 -105.000000 

Position: 45.000000 0.000000 -105.000000 

Position: 45.000000 0.000000 -125.000000 

Position: 40.000000 0.000000 -125.000000 

Position: 40.000000 7.000000 -125.000000 

Position: 40.000000 7.000000 -125.000000 

Position: 45.000000 7.000000 -125.000000 

Position: 45.000000 0.000000 -125.000000 

Position: 40.000000 0.000000 -105.000000 

Position: 40.000000 0.000000 -125.000000 

Position: 45.000000 0.000000 -105.000000 

Position: 45.000000 0.000000 -105.000000 

Position: 40.000000 0.000000 -125.000000 

Position: 45.000000 0.000000 -125.000000 


