Version: 3
Nr of dynamic meshes: 0
Nr of static meshes: 1
Nr of bounding boxes: 15
Nr of materials: 1

Name of mesh: Room02Mesh                                                                                          
Vertex count: 288
Material ID: 60
Collision: 0
Static mesh: 1



Position: -40.000000 7.000000 -125.000000 
UV: 0.020600 0.986400 
normal: 0.000000 1.000000 -0.000000 

Position: -36.400002 7.000000 -121.000000 
UV: 0.051400 0.952100 
normal: 0.000000 1.000000 -0.000000 

Position: 36.400002 7.000000 -121.000000 
UV: 0.675400 0.952100 
normal: 0.000000 1.000000 -0.000000 

Position: 36.400002 7.000000 -121.000000 
UV: 0.675400 0.952100 
normal: 0.000000 1.000000 -0.000000 

Position: 40.000000 7.000000 -125.000000 
UV: 0.706300 0.986400 
normal: 0.000000 1.000000 -0.000000 

Position: -40.000000 7.000000 -125.000000 
UV: 0.020600 0.986400 
normal: 0.000000 1.000000 -0.000000 

Position: -40.000000 0.000000 -125.000000 
UV: 0.523600 0.455900 
normal: 0.000000 0.000000 -1.000000 

Position: -40.000000 5.950000 -125.000000 
UV: 0.523600 0.478800 
normal: 0.000000 0.000000 -1.000000 

Position: 40.000000 5.950000 -125.000000 
UV: 0.216400 0.478800 
normal: 0.000000 0.000000 -1.000000 

Position: 40.000000 5.950000 -125.000000 
UV: 0.216400 0.478800 
normal: 0.000000 0.000000 -1.000000 

Position: 40.000000 0.000000 -125.000000 
UV: 0.216400 0.455900 
normal: 0.000000 0.000000 -1.000000 

Position: -40.000000 0.000000 -125.000000 
UV: 0.523600 0.455900 
normal: 0.000000 0.000000 -1.000000 

Position: 35.000000 0.000000 -120.000000 
UV: 0.896600 0.972100 
normal: -0.000000 0.000000 1.000000 

Position: 35.000000 5.950000 -120.000000 
UV: 0.852300 0.972100 
normal: -0.000000 0.000000 1.000000 

Position: -35.000000 5.950000 -120.000000 
UV: 0.852300 0.581000 
normal: -0.000000 0.000000 1.000000 

Position: -35.000000 5.950000 -120.000000 
UV: 0.852300 0.581000 
normal: -0.000000 0.000000 1.000000 

Position: -35.000000 0.000000 -120.000000 
UV: 0.896600 0.581000 
normal: -0.000000 0.000000 1.000000 

Position: 35.000000 0.000000 -120.000000 
UV: 0.896600 0.972100 
normal: -0.000000 0.000000 1.000000 

Position: -36.400002 7.000000 -79.000000 
UV: 0.052100 0.592200 
normal: 0.000000 1.000000 -0.000000 

Position: -40.000000 7.000000 -75.000000 
UV: 0.019200 0.555700 
normal: 0.000000 1.000000 -0.000000 

Position: -6.050000 7.000000 -75.000000 
UV: 0.329600 0.555700 
normal: 0.000000 1.000000 -0.000000 

Position: -6.050000 7.000000 -75.000000 
UV: 0.329600 0.555700 
normal: 0.000000 1.000000 -0.000000 

Position: -6.050000 7.000000 -79.000000 
UV: 0.329600 0.592200 
normal: 0.000000 1.000000 -0.000000 

Position: -36.400002 7.000000 -79.000000 
UV: 0.052100 0.592200 
normal: 0.000000 1.000000 -0.000000 

Position: 36.400002 7.000000 -79.000000 
UV: 0.672400 0.590600 
normal: 0.000000 1.000000 -0.000000 

Position: 6.050000 7.000000 -79.000000 
UV: 0.412300 0.590600 
normal: 0.000000 1.000000 -0.000000 

Position: 6.050000 7.000000 -75.000000 
UV: 0.412300 0.556300 
normal: 0.000000 1.000000 -0.000000 

Position: 6.050000 7.000000 -75.000000 
UV: 0.412300 0.556300 
normal: 0.000000 1.000000 -0.000000 

Position: 40.000000 7.000000 -75.000000 
UV: 0.703300 0.556300 
normal: 0.000000 1.000000 -0.000000 

Position: 36.400002 7.000000 -79.000000 
UV: 0.672400 0.590600 
normal: 0.000000 1.000000 -0.000000 

Position: 40.000000 5.950000 -75.000000 
UV: 0.622700 0.528800 
normal: -0.000000 0.000000 1.000000 

Position: 5.000000 5.950000 -75.000000 
UV: 0.428800 0.528800 
normal: -0.000000 0.000000 1.000000 

Position: 5.000000 0.000000 -75.000000 
UV: 0.428800 0.495900 
normal: -0.000000 0.000000 1.000000 

Position: 5.000000 0.000000 -75.000000 
UV: 0.428800 0.495900 
normal: -0.000000 0.000000 1.000000 

Position: 40.000000 0.000000 -75.000000 
UV: 0.622700 0.495900 
normal: -0.000000 0.000000 1.000000 

Position: 40.000000 5.950000 -75.000000 
UV: 0.622700 0.528800 
normal: -0.000000 0.000000 1.000000 

Position: 5.000000 5.950000 -75.000000 
UV: 0.956800 0.074100 
normal: -1.000000 0.000000 -0.000000 

Position: 5.000000 5.950000 -80.000000 
UV: 0.987800 0.074100 
normal: -1.000000 0.000000 -0.000000 

Position: 5.000000 0.000000 -80.000000 
UV: 0.987800 0.111000 
normal: -1.000000 0.000000 -0.000000 

Position: 5.000000 0.000000 -80.000000 
UV: 0.987800 0.111000 
normal: -1.000000 0.000000 -0.000000 

Position: 5.000000 0.000000 -75.000000 
UV: 0.956800 0.111000 
normal: -1.000000 0.000000 -0.000000 

Position: 5.000000 5.950000 -75.000000 
UV: 0.956800 0.074100 
normal: -1.000000 0.000000 -0.000000 

Position: 5.000000 5.950000 -80.000000 
UV: 0.778800 0.597700 
normal: 0.000000 0.000000 -1.000000 

Position: 35.000000 5.950000 -80.000000 
UV: 0.778800 0.374200 
normal: 0.000000 0.000000 -1.000000 

Position: 35.000000 0.000000 -80.000000 
UV: 0.823100 0.374200 
normal: 0.000000 0.000000 -1.000000 

Position: 35.000000 0.000000 -80.000000 
UV: 0.823100 0.374200 
normal: 0.000000 0.000000 -1.000000 

Position: 5.000000 0.000000 -80.000000 
UV: 0.823100 0.597700 
normal: 0.000000 0.000000 -1.000000 

Position: 5.000000 5.950000 -80.000000 
UV: 0.778800 0.597700 
normal: 0.000000 0.000000 -1.000000 

Position: -35.000000 5.950000 -80.000000 
UV: 0.778200 0.974600 
normal: 0.000000 0.000000 -1.000000 

Position: -5.000000 5.950000 -80.000000 
UV: 0.778200 0.751200 
normal: 0.000000 0.000000 -1.000000 

Position: -5.000000 0.000000 -80.000000 
UV: 0.822500 0.751200 
normal: 0.000000 0.000000 -1.000000 

Position: -5.000000 0.000000 -80.000000 
UV: 0.822500 0.751200 
normal: 0.000000 0.000000 -1.000000 

Position: -35.000000 0.000000 -80.000000 
UV: 0.822500 0.974600 
normal: 0.000000 0.000000 -1.000000 

Position: -35.000000 5.950000 -80.000000 
UV: 0.778200 0.974600 
normal: 0.000000 0.000000 -1.000000 

Position: -5.000000 5.950000 -80.000000 
UV: 0.955900 0.025400 
normal: 1.000000 0.000000 0.000000 

Position: -5.000000 5.950000 -75.000000 
UV: 0.986900 0.025400 
normal: 1.000000 0.000000 0.000000 

Position: -5.000000 0.000000 -75.000000 
UV: 0.986900 0.062400 
normal: 1.000000 0.000000 0.000000 

Position: -5.000000 0.000000 -75.000000 
UV: 0.986900 0.062400 
normal: 1.000000 0.000000 0.000000 

Position: -5.000000 0.000000 -80.000000 
UV: 0.955900 0.062400 
normal: 1.000000 0.000000 0.000000 

Position: -5.000000 5.950000 -80.000000 
UV: 0.955900 0.025400 
normal: 1.000000 0.000000 0.000000 

Position: -40.000000 7.000000 -75.000000 
UV: 0.094700 0.533400 
normal: -0.000000 0.000000 1.000000 

Position: -40.000000 5.950000 -75.000000 
UV: 0.094700 0.527200 
normal: -0.000000 0.000000 1.000000 

Position: -5.000000 5.950000 -75.000000 
UV: 0.300100 0.527200 
normal: -0.000000 0.000000 1.000000 

Position: -5.000000 5.950000 -75.000000 
UV: 0.300100 0.527200 
normal: -0.000000 0.000000 1.000000 

Position: -6.050000 7.000000 -75.000000 
UV: 0.294000 0.533400 
normal: -0.000000 0.000000 1.000000 

Position: -40.000000 7.000000 -75.000000 
UV: 0.094700 0.533400 
normal: -0.000000 0.000000 1.000000 

Position: 40.000000 0.000000 -125.000000 
UV: 0.667900 0.401500 
normal: 0.000000 1.000000 -0.000000 

Position: -40.000000 0.000000 -125.000000 
UV: 0.072100 0.401500 
normal: 0.000000 1.000000 -0.000000 

Position: -40.000000 0.000000 -75.000000 
UV: 0.072100 0.029100 
normal: 0.000000 1.000000 -0.000000 

Position: 40.000000 0.000000 -75.000000 
UV: 0.667900 0.029100 
normal: 0.000000 1.000000 -0.000000 

Position: 40.000000 0.000000 -125.000000 
UV: 0.667900 0.401500 
normal: 0.000000 1.000000 -0.000000 

Position: -40.000000 0.000000 -75.000000 
UV: 0.072100 0.029100 
normal: 0.000000 1.000000 -0.000000 

Position: -40.000000 7.000000 -125.000000 
UV: 0.523600 0.482800 
normal: 0.000000 0.000000 -1.000000 

Position: 40.000000 7.000000 -125.000000 
UV: 0.216400 0.482800 
normal: 0.000000 0.000000 -1.000000 

Position: 40.000000 5.950000 -125.000000 
UV: 0.216400 0.478800 
normal: 0.000000 0.000000 -1.000000 

Position: 40.000000 5.950000 -125.000000 
UV: 0.216400 0.478800 
normal: 0.000000 0.000000 -1.000000 

Position: -40.000000 5.950000 -125.000000 
UV: 0.523600 0.478800 
normal: 0.000000 0.000000 -1.000000 

Position: -40.000000 7.000000 -125.000000 
UV: 0.523600 0.482800 
normal: 0.000000 0.000000 -1.000000 

Position: 36.400002 7.000000 -121.000000 
UV: 0.675400 0.952100 
normal: -0.000000 0.689698 0.724097 

Position: -36.400002 7.000000 -121.000000 
UV: 0.051400 0.952100 
normal: -0.000000 0.689698 0.724097 

Position: -35.000000 5.950000 -120.000000 
UV: 0.063400 0.943600 
normal: -0.000000 0.689698 0.724097 

Position: -35.000000 5.950000 -120.000000 
UV: 0.063400 0.943600 
normal: -0.000000 0.689698 0.724097 

Position: 35.000000 5.950000 -120.000000 
UV: 0.663400 0.943600 
normal: -0.000000 0.689698 0.724097 

Position: 36.400002 7.000000 -121.000000 
UV: 0.675400 0.952100 
normal: -0.000000 0.689698 0.724097 

Position: 40.000000 7.000000 -75.000000 
UV: 0.622700 0.534600 
normal: -0.000000 0.000000 1.000000 

Position: 6.050000 7.000000 -75.000000 
UV: 0.434600 0.534600 
normal: -0.000000 0.000000 1.000000 

Position: 5.000000 5.950000 -75.000000 
UV: 0.428800 0.528800 
normal: -0.000000 0.000000 1.000000 

Position: 5.000000 5.950000 -75.000000 
UV: 0.428800 0.528800 
normal: -0.000000 0.000000 1.000000 

Position: 40.000000 5.950000 -75.000000 
UV: 0.622700 0.528800 
normal: -0.000000 0.000000 1.000000 

Position: 40.000000 7.000000 -75.000000 
UV: 0.622700 0.534600 
normal: -0.000000 0.000000 1.000000 

Position: 6.050000 7.000000 -75.000000 
UV: 0.412300 0.556300 
normal: -0.707107 0.707107 -0.000000 

Position: 6.050000 7.000000 -79.000000 
UV: 0.412300 0.590600 
normal: -0.707107 0.707107 -0.000000 

Position: 5.000000 5.950000 -80.000000 
UV: 0.403300 0.599200 
normal: -0.707107 0.707107 -0.000000 

Position: 5.000000 5.950000 -80.000000 
UV: 0.403300 0.599200 
normal: -0.707107 0.707107 -0.000000 

Position: 5.000000 5.950000 -75.000000 
UV: 0.403300 0.556300 
normal: -0.707107 0.707107 -0.000000 

Position: 6.050000 7.000000 -75.000000 
UV: 0.412300 0.556300 
normal: -0.707107 0.707107 -0.000000 

Position: 6.050000 7.000000 -79.000000 
UV: 0.412300 0.590600 
normal: 0.000000 0.689698 -0.724097 

Position: 36.400002 7.000000 -79.000000 
UV: 0.672400 0.590600 
normal: 0.000000 0.689698 -0.724097 

Position: 35.000000 5.950000 -80.000000 
UV: 0.660400 0.599200 
normal: 0.000000 0.689698 -0.724097 

Position: 35.000000 5.950000 -80.000000 
UV: 0.660400 0.599200 
normal: 0.000000 0.689698 -0.724097 

Position: 5.000000 5.950000 -80.000000 
UV: 0.403300 0.599200 
normal: 0.000000 0.689698 -0.724097 

Position: 6.050000 7.000000 -79.000000 
UV: 0.412300 0.590600 
normal: 0.000000 0.689698 -0.724097 

Position: -36.400002 7.000000 -79.000000 
UV: 0.052100 0.592200 
normal: 0.000000 0.689698 -0.724097 

Position: -6.050000 7.000000 -79.000000 
UV: 0.329600 0.592200 
normal: 0.000000 0.689698 -0.724097 

Position: -5.000000 5.950000 -80.000000 
UV: 0.339200 0.601400 
normal: 0.000000 0.689698 -0.724097 

Position: -5.000000 5.950000 -80.000000 
UV: 0.339200 0.601400 
normal: 0.000000 0.689698 -0.724097 

Position: -35.000000 5.950000 -80.000000 
UV: 0.064900 0.601400 
normal: 0.000000 0.689698 -0.724097 

Position: -36.400002 7.000000 -79.000000 
UV: 0.052100 0.592200 
normal: 0.000000 0.689698 -0.724097 

Position: -6.050000 7.000000 -79.000000 
UV: 0.329600 0.592200 
normal: 0.707107 0.707107 0.000000 

Position: -6.050000 7.000000 -75.000000 
UV: 0.329600 0.555700 
normal: 0.707107 0.707107 0.000000 

Position: -5.000000 5.950000 -75.000000 
UV: 0.339200 0.555700 
normal: 0.707107 0.707107 0.000000 

Position: -5.000000 5.950000 -75.000000 
UV: 0.339200 0.555700 
normal: 0.707107 0.707107 0.000000 

Position: -5.000000 5.950000 -80.000000 
UV: 0.339200 0.601400 
normal: 0.707107 0.707107 0.000000 

Position: -6.050000 7.000000 -79.000000 
UV: 0.329600 0.592200 
normal: 0.707107 0.707107 0.000000 

Position: -40.000000 0.000000 -75.000000 
UV: 0.094700 0.492300 
normal: -0.000000 0.000000 1.000000 

Position: -5.000000 0.000000 -75.000000 
UV: 0.300100 0.492300 
normal: -0.000000 0.000000 1.000000 

Position: -5.000000 5.950000 -75.000000 
UV: 0.300100 0.527200 
normal: -0.000000 0.000000 1.000000 

Position: -5.000000 5.950000 -75.000000 
UV: 0.300100 0.527200 
normal: -0.000000 0.000000 1.000000 

Position: -40.000000 5.950000 -75.000000 
UV: 0.094700 0.527200 
normal: -0.000000 0.000000 1.000000 

Position: -40.000000 0.000000 -75.000000 
UV: 0.094700 0.492300 
normal: -0.000000 0.000000 1.000000 

Position: -40.000000 0.000000 -75.000000 
UV: 0.303700 0.416800 
normal: -1.000000 0.000000 -0.000000 

Position: -40.000000 5.950000 -75.000000 
UV: 0.303700 0.444300 
normal: -1.000000 0.000000 -0.000000 

Position: -40.000000 5.950000 -94.999001 
UV: 0.206500 0.444300 
normal: -1.000000 0.000000 -0.000000 

Position: -40.000000 5.950000 -94.999001 
UV: 0.206500 0.444300 
normal: -1.000000 0.000000 -0.000000 

Position: -40.000000 0.000000 -94.999001 
UV: 0.206500 0.416800 
normal: -1.000000 0.000000 -0.000000 

Position: -40.000000 0.000000 -75.000000 
UV: 0.303700 0.416800 
normal: -1.000000 0.000000 -0.000000 

Position: -40.000000 5.950000 -125.000000 
UV: 0.073300 0.444300 
normal: -1.000000 0.000000 -0.000000 

Position: -40.000000 0.000000 -125.000000 
UV: 0.073300 0.416800 
normal: -1.000000 0.000000 -0.000000 

Position: -40.000000 0.000000 -105.000000 
UV: 0.170500 0.416800 
normal: -1.000000 0.000000 -0.000000 

Position: -40.000000 0.000000 -105.000000 
UV: 0.170500 0.416800 
normal: -1.000000 0.000000 -0.000000 

Position: -40.000000 5.950000 -105.000000 
UV: 0.170500 0.444300 
normal: -1.000000 0.000000 -0.000000 

Position: -40.000000 5.950000 -125.000000 
UV: 0.073300 0.444300 
normal: -1.000000 0.000000 -0.000000 

Position: -40.000000 7.000000 -93.998802 
UV: 0.019200 0.729400 
normal: 0.000000 1.000000 -0.000000 

Position: -40.000000 7.000000 -75.000000 
UV: 0.019200 0.555700 
normal: 0.000000 1.000000 -0.000000 

Position: -36.400002 7.000000 -79.000000 
UV: 0.052100 0.592200 
normal: 0.000000 1.000000 -0.000000 

Position: -36.400002 7.000000 -79.000000 
UV: 0.052100 0.592200 
normal: 0.000000 1.000000 -0.000000 

Position: -36.400002 7.000000 -94.000900 
UV: 0.052100 0.729400 
normal: 0.000000 1.000000 -0.000000 

Position: -40.000000 7.000000 -93.998802 
UV: 0.019200 0.729400 
normal: 0.000000 1.000000 -0.000000 

Position: -36.400002 7.000000 -121.000000 
UV: 0.051400 0.952100 
normal: 0.000000 1.000000 -0.000000 

Position: -40.000000 7.000000 -125.000000 
UV: 0.020600 0.986400 
normal: 0.000000 1.000000 -0.000000 

Position: -40.000000 7.000000 -106.000000 
UV: 0.020600 0.823600 
normal: 0.000000 1.000000 -0.000000 

Position: -40.000000 7.000000 -106.000000 
UV: 0.020600 0.823600 
normal: 0.000000 1.000000 -0.000000 

Position: -36.400002 7.000000 -106.000000 
UV: 0.051400 0.823600 
normal: 0.000000 1.000000 -0.000000 

Position: -36.400002 7.000000 -121.000000 
UV: 0.051400 0.952100 
normal: 0.000000 1.000000 -0.000000 

Position: 35.000000 5.950000 -120.000000 
UV: 0.941100 0.373200 
normal: -1.000000 0.000000 -0.000000 

Position: 35.000000 0.000000 -120.000000 
UV: 0.985400 0.373200 
normal: -1.000000 0.000000 -0.000000 

Position: 35.000000 0.000000 -105.000000 
UV: 0.985400 0.498900 
normal: -1.000000 0.000000 -0.000000 

Position: 35.000000 0.000000 -105.000000 
UV: 0.985400 0.498900 
normal: -1.000000 0.000000 -0.000000 

Position: 35.000000 5.950000 -105.000000 
UV: 0.941100 0.498900 
normal: -1.000000 0.000000 -0.000000 

Position: 35.000000 5.950000 -120.000000 
UV: 0.941100 0.373200 
normal: -1.000000 0.000000 -0.000000 

Position: 35.000000 0.000000 -80.000000 
UV: 0.985400 0.671100 
normal: -1.000000 0.000000 -0.000000 

Position: 35.000000 5.950000 -80.000000 
UV: 0.941100 0.671100 
normal: -1.000000 0.000000 -0.000000 

Position: 35.000000 5.950000 -95.001099 
UV: 0.941100 0.545500 
normal: -1.000000 0.000000 -0.000000 

Position: 35.000000 5.950000 -95.001099 
UV: 0.941100 0.545500 
normal: -1.000000 0.000000 -0.000000 

Position: 35.000000 0.000000 -95.001099 
UV: 0.985400 0.545500 
normal: -1.000000 0.000000 -0.000000 

Position: 35.000000 0.000000 -80.000000 
UV: 0.985400 0.671100 
normal: -1.000000 0.000000 -0.000000 

Position: 40.000000 7.000000 -106.000000 
UV: 0.706300 0.823600 
normal: 0.000000 1.000000 -0.000000 

Position: 40.000000 7.000000 -125.000000 
UV: 0.706300 0.986400 
normal: 0.000000 1.000000 -0.000000 

Position: 36.400002 7.000000 -121.000000 
UV: 0.675400 0.952100 
normal: 0.000000 1.000000 -0.000000 

Position: 36.400002 7.000000 -121.000000 
UV: 0.675400 0.952100 
normal: 0.000000 1.000000 -0.000000 

Position: 36.400002 7.000000 -106.000000 
UV: 0.675400 0.823600 
normal: 0.000000 1.000000 -0.000000 

Position: 40.000000 7.000000 -106.000000 
UV: 0.706300 0.823600 
normal: 0.000000 1.000000 -0.000000 

Position: 36.400002 7.000000 -79.000000 
UV: 0.672400 0.590600 
normal: 0.000000 1.000000 -0.000000 

Position: 40.000000 7.000000 -75.000000 
UV: 0.703300 0.556300 
normal: 0.000000 1.000000 -0.000000 

Position: 40.000000 7.000000 -93.998802 
UV: 0.703300 0.719200 
normal: 0.000000 1.000000 -0.000000 

Position: 40.000000 7.000000 -93.998802 
UV: 0.703300 0.719200 
normal: 0.000000 1.000000 -0.000000 

Position: 36.400002 7.000000 -94.000900 
UV: 0.672400 0.719200 
normal: 0.000000 1.000000 -0.000000 

Position: 36.400002 7.000000 -79.000000 
UV: 0.672400 0.590600 
normal: 0.000000 1.000000 -0.000000 

Position: -35.000000 5.950000 -80.000000 
UV: 0.942600 0.683200 
normal: 1.000000 0.000000 0.000000 

Position: -35.000000 0.000000 -80.000000 
UV: 0.987000 0.683200 
normal: 1.000000 0.000000 0.000000 

Position: -35.000000 0.000000 -95.001099 
UV: 0.987000 0.808800 
normal: 1.000000 0.000000 0.000000 

Position: -35.000000 0.000000 -95.001099 
UV: 0.987000 0.808800 
normal: 1.000000 0.000000 0.000000 

Position: -35.000000 5.950000 -95.001099 
UV: 0.942600 0.808800 
normal: 1.000000 0.000000 0.000000 

Position: -35.000000 5.950000 -80.000000 
UV: 0.942600 0.683200 
normal: 1.000000 0.000000 0.000000 

Position: -35.000000 0.000000 -120.000000 
UV: 0.987000 0.981100 
normal: 1.000000 0.000000 0.000000 

Position: -35.000000 5.950000 -120.000000 
UV: 0.942600 0.981100 
normal: 1.000000 0.000000 0.000000 

Position: -35.000000 5.950000 -105.000000 
UV: 0.942600 0.855400 
normal: 1.000000 0.000000 0.000000 

Position: -35.000000 5.950000 -105.000000 
UV: 0.942600 0.855400 
normal: 1.000000 0.000000 0.000000 

Position: -35.000000 0.000000 -105.000000 
UV: 0.987000 0.855400 
normal: 1.000000 0.000000 0.000000 

Position: -35.000000 0.000000 -120.000000 
UV: 0.987000 0.981100 
normal: 1.000000 0.000000 0.000000 

Position: 40.000000 5.950000 -75.000000 
UV: 0.427900 0.438700 
normal: 1.000000 0.000000 0.000000 

Position: 40.000000 0.000000 -75.000000 
UV: 0.427900 0.413000 
normal: 1.000000 0.000000 0.000000 

Position: 40.000000 0.000000 -94.999001 
UV: 0.519000 0.413000 
normal: 1.000000 0.000000 0.000000 

Position: 40.000000 0.000000 -94.999001 
UV: 0.519000 0.413000 
normal: 1.000000 0.000000 0.000000 

Position: 40.000000 5.950000 -94.999001 
UV: 0.519000 0.438700 
normal: 1.000000 0.000000 0.000000 

Position: 40.000000 5.950000 -75.000000 
UV: 0.427900 0.438700 
normal: 1.000000 0.000000 0.000000 

Position: 40.000000 0.000000 -125.000000 
UV: 0.643900 0.413000 
normal: 1.000000 0.000000 0.000000 

Position: 40.000000 5.950000 -125.000000 
UV: 0.643900 0.438700 
normal: 1.000000 0.000000 0.000000 

Position: 40.000000 5.950000 -105.000000 
UV: 0.552800 0.438700 
normal: 1.000000 0.000000 0.000000 

Position: 40.000000 5.950000 -105.000000 
UV: 0.552800 0.438700 
normal: 1.000000 0.000000 0.000000 

Position: 40.000000 0.000000 -105.000000 
UV: 0.552800 0.413000 
normal: 1.000000 0.000000 0.000000 

Position: 40.000000 0.000000 -125.000000 
UV: 0.643900 0.413000 
normal: 1.000000 0.000000 0.000000 

Position: -40.000000 7.000000 -125.000000 
UV: 0.073300 0.449100 
normal: -1.000000 0.000000 -0.000000 

Position: -40.000000 5.950000 -125.000000 
UV: 0.073300 0.444300 
normal: -1.000000 0.000000 -0.000000 

Position: -40.000000 5.950000 -105.000000 
UV: 0.170500 0.444300 
normal: -1.000000 0.000000 -0.000000 

Position: -40.000000 5.950000 -105.000000 
UV: 0.170500 0.444300 
normal: -1.000000 0.000000 -0.000000 

Position: -40.000000 7.000000 -106.000000 
UV: 0.170500 0.449100 
normal: -1.000000 0.000000 -0.000000 

Position: -40.000000 7.000000 -125.000000 
UV: 0.073300 0.449100 
normal: -1.000000 0.000000 -0.000000 

Position: -40.000000 5.950000 -75.000000 
UV: 0.303700 0.444300 
normal: -1.000000 0.000000 -0.000000 

Position: -40.000000 7.000000 -75.000000 
UV: 0.303700 0.449100 
normal: -1.000000 0.000000 -0.000000 

Position: -40.000000 7.000000 -93.998802 
UV: 0.206500 0.449100 
normal: -1.000000 0.000000 -0.000000 

Position: -40.000000 7.000000 -93.998802 
UV: 0.206500 0.449100 
normal: -1.000000 0.000000 -0.000000 

Position: -40.000000 5.950000 -94.999001 
UV: 0.206500 0.444300 
normal: -1.000000 0.000000 -0.000000 

Position: -40.000000 5.950000 -75.000000 
UV: 0.303700 0.444300 
normal: -1.000000 0.000000 -0.000000 

Position: 36.400002 7.000000 -106.000000 
UV: 0.675400 0.823600 
normal: -0.600000 0.800000 -0.000000 

Position: 36.400002 7.000000 -121.000000 
UV: 0.675400 0.952100 
normal: -0.600000 0.800000 -0.000000 

Position: 35.000000 5.950000 -120.000000 
UV: 0.663400 0.943600 
normal: -0.600000 0.800000 -0.000000 

Position: 35.000000 5.950000 -120.000000 
UV: 0.663400 0.943600 
normal: -0.600000 0.800000 -0.000000 

Position: 35.000000 5.950000 -105.000000 
UV: 0.663400 0.815000 
normal: -0.600000 0.800000 -0.000000 

Position: 36.400002 7.000000 -106.000000 
UV: 0.675400 0.823600 
normal: -0.600000 0.800000 -0.000000 

Position: 35.000000 5.950000 -80.000000 
UV: 0.660400 0.599200 
normal: -0.600000 0.800000 -0.000000 

Position: 36.400002 7.000000 -79.000000 
UV: 0.672400 0.590600 
normal: -0.600000 0.800000 -0.000000 

Position: 36.400002 7.000000 -94.000900 
UV: 0.672400 0.719200 
normal: -0.600000 0.800000 -0.000000 

Position: 36.400002 7.000000 -94.000900 
UV: 0.672400 0.719200 
normal: -0.600000 0.800000 -0.000000 

Position: 35.000000 5.950000 -95.001099 
UV: 0.660400 0.727800 
normal: -0.600000 0.800000 -0.000000 

Position: 35.000000 5.950000 -80.000000 
UV: 0.660400 0.599200 
normal: -0.600000 0.800000 -0.000000 

Position: -36.400002 7.000000 -94.000900 
UV: 0.052100 0.729400 
normal: 0.600000 0.800000 0.000000 

Position: -36.400002 7.000000 -79.000000 
UV: 0.052100 0.592200 
normal: 0.600000 0.800000 0.000000 

Position: -35.000000 5.950000 -80.000000 
UV: 0.064900 0.601400 
normal: 0.600000 0.800000 0.000000 

Position: -35.000000 5.950000 -80.000000 
UV: 0.064900 0.601400 
normal: 0.600000 0.800000 0.000000 

Position: -35.000000 5.950000 -95.001099 
UV: 0.064900 0.738500 
normal: 0.600000 0.800000 0.000000 

Position: -36.400002 7.000000 -94.000900 
UV: 0.052100 0.729400 
normal: 0.600000 0.800000 0.000000 

Position: -35.000000 5.950000 -120.000000 
UV: 0.063400 0.943600 
normal: 0.600000 0.800000 0.000000 

Position: -36.400002 7.000000 -121.000000 
UV: 0.051400 0.952100 
normal: 0.600000 0.800000 0.000000 

Position: -36.400002 7.000000 -106.000000 
UV: 0.051400 0.823600 
normal: 0.600000 0.800000 0.000000 

Position: -36.400002 7.000000 -106.000000 
UV: 0.051400 0.823600 
normal: 0.600000 0.800000 0.000000 

Position: -35.000000 5.950000 -105.000000 
UV: 0.063400 0.815000 
normal: 0.600000 0.800000 0.000000 

Position: -35.000000 5.950000 -120.000000 
UV: 0.063400 0.943600 
normal: 0.600000 0.800000 0.000000 

Position: 40.000000 7.000000 -75.000000 
UV: 0.427900 0.443200 
normal: 1.000000 0.000000 0.000000 

Position: 40.000000 5.950000 -75.000000 
UV: 0.427900 0.438700 
normal: 1.000000 0.000000 0.000000 

Position: 40.000000 5.950000 -94.999001 
UV: 0.519000 0.438700 
normal: 1.000000 0.000000 0.000000 

Position: 40.000000 5.950000 -94.999001 
UV: 0.519000 0.438700 
normal: 1.000000 0.000000 0.000000 

Position: 40.000000 7.000000 -93.998802 
UV: 0.519000 0.443200 
normal: 1.000000 0.000000 0.000000 

Position: 40.000000 7.000000 -75.000000 
UV: 0.427900 0.443200 
normal: 1.000000 0.000000 0.000000 

Position: 40.000000 5.950000 -125.000000 
UV: 0.643900 0.438700 
normal: 1.000000 0.000000 0.000000 

Position: 40.000000 7.000000 -125.000000 
UV: 0.643900 0.443200 
normal: 1.000000 0.000000 0.000000 

Position: 40.000000 7.000000 -106.000000 
UV: 0.552800 0.443200 
normal: 1.000000 0.000000 0.000000 

Position: 40.000000 7.000000 -106.000000 
UV: 0.552800 0.443200 
normal: 1.000000 0.000000 0.000000 

Position: 40.000000 5.950000 -105.000000 
UV: 0.552800 0.438700 
normal: 1.000000 0.000000 0.000000 

Position: 40.000000 5.950000 -125.000000 
UV: 0.643900 0.438700 
normal: 1.000000 0.000000 0.000000 

Position: -40.000000 7.000000 -93.998802 
UV: 0.019200 0.729400 
normal: -0.000400 0.689493 -0.724293 

Position: -36.400002 7.000000 -94.000900 
UV: 0.052100 0.729400 
normal: -0.000400 0.689493 -0.724293 

Position: -35.000000 5.950000 -95.001099 
UV: 0.064900 0.738500 
normal: -0.000400 0.689493 -0.724293 

Position: -35.000000 5.950000 -95.001099 
UV: 0.064900 0.738500 
normal: -0.000300 0.689698 -0.724097 

Position: -40.000000 5.950000 -94.999001 
UV: 0.019200 0.738500 
normal: -0.000300 0.689698 -0.724097 

Position: -40.000000 7.000000 -93.998802 
UV: 0.019200 0.729400 
normal: -0.000300 0.689698 -0.724097 

Position: -36.400002 7.000000 -106.000000 
UV: 0.051400 0.823600 
normal: -0.000000 0.689698 0.724097 

Position: -40.000000 7.000000 -106.000000 
UV: 0.020600 0.823600 
normal: -0.000000 0.689698 0.724097 

Position: -40.000000 5.950000 -105.000000 
UV: 0.020600 0.815000 
normal: -0.000000 0.689698 0.724097 

Position: -40.000000 5.950000 -105.000000 
UV: 0.020600 0.815000 
normal: -0.000000 0.689698 0.724097 

Position: -35.000000 5.950000 -105.000000 
UV: 0.063400 0.815000 
normal: -0.000000 0.689698 0.724097 

Position: -36.400002 7.000000 -106.000000 
UV: 0.051400 0.823600 
normal: -0.000000 0.689698 0.724097 

Position: 40.000000 7.000000 -106.000000 
UV: 0.706300 0.823600 
normal: 0.000000 0.689698 0.724097 

Position: 36.400002 7.000000 -106.000000 
UV: 0.675400 0.823600 
normal: 0.000000 0.689698 0.724097 

Position: 35.000000 5.950000 -105.000000 
UV: 0.663400 0.815000 
normal: 0.000000 0.689698 0.724097 

Position: 35.000000 5.950000 -105.000000 
UV: 0.663400 0.815000 
normal: 0.000000 0.689698 0.724097 

Position: 40.000000 5.950000 -105.000000 
UV: 0.706300 0.815000 
normal: 0.000000 0.689698 0.724097 

Position: 40.000000 7.000000 -106.000000 
UV: 0.706300 0.823600 
normal: 0.000000 0.689698 0.724097 

Position: 36.400002 7.000000 -94.000900 
UV: 0.672400 0.719200 
normal: 0.000400 0.689698 -0.724097 

Position: 40.000000 7.000000 -93.998802 
UV: 0.703300 0.719200 
normal: 0.000400 0.689698 -0.724097 

Position: 40.000000 5.950000 -94.999001 
UV: 0.703300 0.727700 
normal: 0.000400 0.689698 -0.724097 

Position: 40.000000 5.950000 -94.999001 
UV: 0.703300 0.727700 
normal: 0.000300 0.689543 -0.724245 

Position: 35.000000 5.950000 -95.001099 
UV: 0.660400 0.727800 
normal: 0.000300 0.689543 -0.724245 

Position: 36.400002 7.000000 -94.000900 
UV: 0.672400 0.719200 
normal: 0.000300 0.689543 -0.724245 

Position: -40.000000 5.950000 -94.999001 
UV: 0.943700 0.112900 
normal: -0.000400 0.000000 -1.000000 

Position: -35.000000 5.950000 -95.001099 
UV: 0.908100 0.112900 
normal: -0.000400 0.000000 -1.000000 

Position: -35.000000 0.000000 -95.001099 
UV: 0.908100 0.070500 
normal: -0.000400 0.000000 -1.000000 

Position: -35.000000 0.000000 -95.001099 
UV: 0.908100 0.070500 
normal: -0.000400 0.000000 -1.000000 

Position: -40.000000 0.000000 -94.999001 
UV: 0.943700 0.070500 
normal: -0.000400 0.000000 -1.000000 

Position: -40.000000 5.950000 -94.999001 
UV: 0.943700 0.112900 
normal: -0.000400 0.000000 -1.000000 

Position: -35.000000 5.950000 -105.000000 
UV: 0.942900 0.064100 
normal: -0.000000 0.000000 1.000000 

Position: -40.000000 5.950000 -105.000000 
UV: 0.907400 0.064100 
normal: -0.000000 0.000000 1.000000 

Position: -40.000000 0.000000 -105.000000 
UV: 0.907400 0.021800 
normal: -0.000000 0.000000 1.000000 

Position: -40.000000 0.000000 -105.000000 
UV: 0.907400 0.021800 
normal: -0.000000 0.000000 1.000000 

Position: -35.000000 0.000000 -105.000000 
UV: 0.942900 0.021800 
normal: -0.000000 0.000000 1.000000 

Position: -35.000000 5.950000 -105.000000 
UV: 0.942900 0.064100 
normal: -0.000000 0.000000 1.000000 

Position: 40.000000 5.950000 -105.000000 
UV: 0.892600 0.113600 
normal: 0.000000 0.000000 1.000000 

Position: 35.000000 5.950000 -105.000000 
UV: 0.857100 0.113600 
normal: 0.000000 0.000000 1.000000 

Position: 35.000000 0.000000 -105.000000 
UV: 0.857100 0.071300 
normal: 0.000000 0.000000 1.000000 

Position: 35.000000 0.000000 -105.000000 
UV: 0.857100 0.071300 
normal: 0.000000 0.000000 1.000000 

Position: 40.000000 0.000000 -105.000000 
UV: 0.892600 0.071300 
normal: 0.000000 0.000000 1.000000 

Position: 40.000000 5.950000 -105.000000 
UV: 0.892600 0.113600 
normal: 0.000000 0.000000 1.000000 

Position: 35.000000 5.950000 -95.001099 
UV: 0.891900 0.064800 
normal: 0.000400 0.000000 -1.000000 

Position: 40.000000 5.950000 -94.999001 
UV: 0.856300 0.064800 
normal: 0.000400 0.000000 -1.000000 

Position: 40.000000 0.000000 -94.999001 
UV: 0.856300 0.022500 
normal: 0.000400 0.000000 -1.000000 

Position: 40.000000 0.000000 -94.999001 
UV: 0.856300 0.022500 
normal: 0.000400 0.000000 -1.000000 

Position: 35.000000 0.000000 -95.001099 
UV: 0.891900 0.022500 
normal: 0.000400 0.000000 -1.000000 

Position: 35.000000 5.950000 -95.001099 
UV: 0.891900 0.064800 
normal: 0.000400 0.000000 -1.000000 


Name of albedo Texture: Wood.jpg                                                                                            
Name of normalmap:                                                                                                     
Material ID: 60
Nr of Textures: 1
What Shader: 1


Name of mesh: Shelf2Collision                                                                                     
Vertex count: 36

Collision: 1
Static mesh: 1



Position: 18.353825 -0.956283 -98.009140 

Position: 19.781656 -0.959560 -99.037086 

Position: 18.352781 7.361244 -98.037102 

Position: 18.352781 7.361244 -98.037102 

Position: 19.781656 -0.959560 -99.037086 

Position: 19.780613 7.357967 -99.065056 

Position: 18.352781 7.361244 -98.037102 

Position: 19.780613 7.357967 -99.065056 

Position: 12.029942 7.330924 -106.819481 

Position: 12.029942 7.330924 -106.819481 

Position: 19.780613 7.357967 -99.065056 

Position: 13.457773 7.327647 -107.847427 

Position: 12.029942 7.330924 -106.819481 

Position: 13.457773 7.327647 -107.847427 

Position: 12.030985 -0.986603 -106.791512 

Position: 12.030985 -0.986603 -106.791512 

Position: 13.457773 7.327647 -107.847427 

Position: 13.458817 -0.989880 -107.819466 

Position: 12.030985 -0.986603 -106.791512 

Position: 13.458817 -0.989880 -107.819466 

Position: 18.353825 -0.956283 -98.009140 

Position: 18.353825 -0.956283 -98.009140 

Position: 13.458817 -0.989880 -107.819466 

Position: 19.781656 -0.959560 -99.037086 

Position: 19.781656 -0.959560 -99.037086 

Position: 13.458817 -0.989880 -107.819466 

Position: 19.780613 7.357967 -99.065056 

Position: 19.780613 7.357967 -99.065056 

Position: 13.458817 -0.989880 -107.819466 

Position: 13.457773 7.327647 -107.847427 

Position: 12.030985 -0.986603 -106.791512 

Position: 18.353825 -0.956283 -98.009140 

Position: 12.029942 7.330924 -106.819481 

Position: 12.029942 7.330924 -106.819481 

Position: 18.353825 -0.956283 -98.009140 

Position: 18.352781 7.361244 -98.037102 


Name of mesh: ChairCollision1                                                                                     
Vertex count: 36

Collision: 1
Static mesh: 1



Position: 5.552685 -0.016984 -108.088470 

Position: 7.641921 -0.016984 -108.088470 

Position: 5.552685 3.277748 -108.088470 

Position: 5.552685 3.277748 -108.088470 

Position: 7.641921 -0.016984 -108.088470 

Position: 7.641921 3.277748 -108.088470 

Position: 5.552685 3.277748 -108.088470 

Position: 7.641921 3.277748 -108.088470 

Position: 5.552685 3.277748 -110.199860 

Position: 5.552685 3.277748 -110.199860 

Position: 7.641921 3.277748 -108.088470 

Position: 7.641921 3.277748 -110.199860 

Position: 5.552685 3.277748 -110.199860 

Position: 7.641921 3.277748 -110.199860 

Position: 5.552685 -0.016984 -110.199860 

Position: 5.552685 -0.016984 -110.199860 

Position: 7.641921 3.277748 -110.199860 

Position: 7.641921 -0.016984 -110.199860 

Position: 5.552685 -0.016984 -110.199860 

Position: 7.641921 -0.016984 -110.199860 

Position: 5.552685 -0.016984 -108.088470 

Position: 5.552685 -0.016984 -108.088470 

Position: 7.641921 -0.016984 -110.199860 

Position: 7.641921 -0.016984 -108.088470 

Position: 7.641921 -0.016984 -108.088470 

Position: 7.641921 -0.016984 -110.199860 

Position: 7.641921 3.277748 -108.088470 

Position: 7.641921 3.277748 -108.088470 

Position: 7.641921 -0.016984 -110.199860 

Position: 7.641921 3.277748 -110.199860 

Position: 5.552685 -0.016984 -110.199860 

Position: 5.552685 -0.016984 -108.088470 

Position: 5.552685 3.277748 -110.199860 

Position: 5.552685 3.277748 -110.199860 

Position: 5.552685 -0.016984 -108.088470 

Position: 5.552685 3.277748 -108.088470 


Name of mesh: ChairCollision7                                                                                     
Vertex count: 36

Collision: 1
Static mesh: 1



Position: -10.031990 -0.016984 -114.670036 

Position: -8.199353 -0.016984 -115.673203 

Position: -10.031990 3.277748 -114.670036 

Position: -10.031990 3.277748 -114.670036 

Position: -8.199353 -0.016984 -115.673203 

Position: -8.199353 3.277748 -115.673203 

Position: -10.031990 3.277748 -114.670036 

Position: -8.199353 3.277748 -115.673203 

Position: -11.045800 3.277748 -116.522110 

Position: -11.045800 3.277748 -116.522110 

Position: -8.199353 3.277748 -115.673203 

Position: -9.213163 3.277748 -117.525276 

Position: -11.045800 3.277748 -116.522110 

Position: -9.213163 3.277748 -117.525276 

Position: -11.045800 -0.016984 -116.522110 

Position: -11.045800 -0.016984 -116.522110 

Position: -9.213163 3.277748 -117.525276 

Position: -9.213163 -0.016984 -117.525276 

Position: -11.045800 -0.016984 -116.522110 

Position: -9.213163 -0.016984 -117.525276 

Position: -10.031990 -0.016984 -114.670036 

Position: -10.031990 -0.016984 -114.670036 

Position: -9.213163 -0.016984 -117.525276 

Position: -8.199353 -0.016984 -115.673203 

Position: -8.199353 -0.016984 -115.673203 

Position: -9.213163 -0.016984 -117.525276 

Position: -8.199353 3.277748 -115.673203 

Position: -8.199353 3.277748 -115.673203 

Position: -9.213163 -0.016984 -117.525276 

Position: -9.213163 3.277748 -117.525276 

Position: -11.045800 -0.016984 -116.522110 

Position: -10.031990 -0.016984 -114.670036 

Position: -11.045800 3.277748 -116.522110 

Position: -11.045800 3.277748 -116.522110 

Position: -10.031990 -0.016984 -114.670036 

Position: -10.031990 3.277748 -114.670036 


Name of mesh: ChairCollision8                                                                                     
Vertex count: 36

Collision: 1
Static mesh: 1



Position: -2.887354 -0.115873 -114.004875 

Position: 0.188002 -0.115873 -112.619545 

Position: -2.887354 2.438439 -114.004875 

Position: -2.887354 2.438439 -114.004875 

Position: 0.188002 -0.115873 -112.619545 

Position: 0.188002 2.438439 -112.619545 

Position: -2.887354 2.438439 -114.004875 

Position: 0.188002 2.438439 -112.619545 

Position: -2.020174 2.438439 -115.929970 

Position: -2.020174 2.438439 -115.929970 

Position: 0.188002 2.438439 -112.619545 

Position: 1.055183 2.438439 -114.544640 

Position: -2.020174 2.438439 -115.929970 

Position: 1.055183 2.438439 -114.544640 

Position: -2.020174 -0.115873 -115.929970 

Position: -2.020174 -0.115873 -115.929970 

Position: 1.055183 2.438439 -114.544640 

Position: 1.055183 -0.115873 -114.544640 

Position: -2.020174 -0.115873 -115.929970 

Position: 1.055183 -0.115873 -114.544640 

Position: -2.887354 -0.115873 -114.004875 

Position: -2.887354 -0.115873 -114.004875 

Position: 1.055183 -0.115873 -114.544640 

Position: 0.188002 -0.115873 -112.619545 

Position: 0.188002 -0.115873 -112.619545 

Position: 1.055183 -0.115873 -114.544640 

Position: 0.188002 2.438439 -112.619545 

Position: 0.188002 2.438439 -112.619545 

Position: 1.055183 -0.115873 -114.544640 

Position: 1.055183 2.438439 -114.544640 

Position: -2.020174 -0.115873 -115.929970 

Position: -2.887354 -0.115873 -114.004875 

Position: -2.020174 2.438439 -115.929970 

Position: -2.020174 2.438439 -115.929970 

Position: -2.887354 -0.115873 -114.004875 

Position: -2.887354 2.438439 -114.004875 


Name of mesh: CratesCollision9                                                                                    
Vertex count: 36

Collision: 1
Static mesh: 1



Position: 15.344218 -1.977268 -81.188271 

Position: 23.163532 -1.977268 -81.188271 

Position: 15.344218 2.816776 -81.188271 

Position: 15.344218 2.816776 -81.188271 

Position: 23.163532 -1.977268 -81.188271 

Position: 23.163532 2.816776 -81.188271 

Position: 15.344218 2.816776 -81.188271 

Position: 23.163532 2.816776 -81.188271 

Position: 15.344218 2.816776 -83.770973 

Position: 15.344218 2.816776 -83.770973 

Position: 23.163532 2.816776 -81.188271 

Position: 23.163532 2.816776 -83.770973 

Position: 15.344218 2.816776 -83.770973 

Position: 23.163532 2.816776 -83.770973 

Position: 15.344218 -1.977268 -83.770973 

Position: 15.344218 -1.977268 -83.770973 

Position: 23.163532 2.816776 -83.770973 

Position: 23.163532 -1.977268 -83.770973 

Position: 15.344218 -1.977268 -83.770973 

Position: 23.163532 -1.977268 -83.770973 

Position: 15.344218 -1.977268 -81.188271 

Position: 15.344218 -1.977268 -81.188271 

Position: 23.163532 -1.977268 -83.770973 

Position: 23.163532 -1.977268 -81.188271 

Position: 23.163532 -1.977268 -81.188271 

Position: 23.163532 -1.977268 -83.770973 

Position: 23.163532 2.816776 -81.188271 

Position: 23.163532 2.816776 -81.188271 

Position: 23.163532 -1.977268 -83.770973 

Position: 23.163532 2.816776 -83.770973 

Position: 15.344218 -1.977268 -83.770973 

Position: 15.344218 -1.977268 -81.188271 

Position: 15.344218 2.816776 -83.770973 

Position: 15.344218 2.816776 -83.770973 

Position: 15.344218 -1.977268 -81.188271 

Position: 15.344218 2.816776 -81.188271 


Name of mesh: CratesCollision7                                                                                    
Vertex count: 36

Collision: 1
Static mesh: 1



Position: -11.559113 -1.977268 -88.453552 

Position: -6.193154 -1.977268 -82.766006 

Position: -11.559113 2.816776 -88.453552 

Position: -11.559113 2.816776 -88.453552 

Position: -6.193154 -1.977268 -82.766006 

Position: -6.193154 2.816776 -82.766006 

Position: -11.559113 2.816776 -88.453552 

Position: -6.193154 2.816776 -82.766006 

Position: -9.398925 2.816776 -90.491592 

Position: -9.398925 2.816776 -90.491592 

Position: -6.193154 2.816776 -82.766006 

Position: -4.032966 2.816776 -84.804047 

Position: -9.398925 2.816776 -90.491592 

Position: -4.032966 2.816776 -84.804047 

Position: -9.398925 -1.977268 -90.491592 

Position: -9.398925 -1.977268 -90.491592 

Position: -4.032966 2.816776 -84.804047 

Position: -4.032966 -1.977268 -84.804047 

Position: -9.398925 -1.977268 -90.491592 

Position: -4.032966 -1.977268 -84.804047 

Position: -11.559113 -1.977268 -88.453552 

Position: -11.559113 -1.977268 -88.453552 

Position: -4.032966 -1.977268 -84.804047 

Position: -6.193154 -1.977268 -82.766006 

Position: -6.193154 -1.977268 -82.766006 

Position: -4.032966 -1.977268 -84.804047 

Position: -6.193154 2.816776 -82.766006 

Position: -6.193154 2.816776 -82.766006 

Position: -4.032966 -1.977268 -84.804047 

Position: -4.032966 2.816776 -84.804047 

Position: -9.398925 -1.977268 -90.491592 

Position: -11.559113 -1.977268 -88.453552 

Position: -9.398925 2.816776 -90.491592 

Position: -9.398925 2.816776 -90.491592 

Position: -11.559113 -1.977268 -88.453552 

Position: -11.559113 2.816776 -88.453552 


Name of mesh: CratesCollision4                                                                                    
Vertex count: 36

Collision: 1
Static mesh: 1



Position: -26.716541 -1.637614 -103.868195 

Position: -19.489801 -1.637614 -106.857315 

Position: -26.716541 1.297850 -103.868195 

Position: -26.716541 1.297850 -103.868195 

Position: -19.489801 -1.637614 -106.857315 

Position: -19.489801 1.297850 -106.857315 

Position: -26.716541 1.297850 -103.868195 

Position: -19.489801 1.297850 -106.857315 

Position: -27.829813 1.297850 -106.636017 

Position: -27.829813 1.297850 -106.636017 

Position: -19.489801 1.297850 -106.857315 

Position: -20.603073 1.297850 -109.625137 

Position: -27.829813 1.297850 -106.636017 

Position: -20.603073 1.297850 -109.625137 

Position: -27.829813 -1.637614 -106.636017 

Position: -27.829813 -1.637614 -106.636017 

Position: -20.603073 1.297850 -109.625137 

Position: -20.603073 -1.637614 -109.625137 

Position: -27.829813 -1.637614 -106.636017 

Position: -20.603073 -1.637614 -109.625137 

Position: -26.716541 -1.637614 -103.868195 

Position: -26.716541 -1.637614 -103.868195 

Position: -20.603073 -1.637614 -109.625137 

Position: -19.489801 -1.637614 -106.857315 

Position: -19.489801 -1.637614 -106.857315 

Position: -20.603073 -1.637614 -109.625137 

Position: -19.489801 1.297850 -106.857315 

Position: -19.489801 1.297850 -106.857315 

Position: -20.603073 -1.637614 -109.625137 

Position: -20.603073 1.297850 -109.625137 

Position: -27.829813 -1.637614 -106.636017 

Position: -26.716541 -1.637614 -103.868195 

Position: -27.829813 1.297850 -106.636017 

Position: -27.829813 1.297850 -106.636017 

Position: -26.716541 -1.637614 -103.868195 

Position: -26.716541 1.297850 -103.868195 


Name of mesh: CratesCollision1                                                                                    
Vertex count: 36

Collision: 1
Static mesh: 1



Position: 24.864407 -1.977268 -81.044502 

Position: 32.683720 -1.977268 -81.044502 

Position: 24.864407 2.816776 -81.044502 

Position: 24.864407 2.816776 -81.044502 

Position: 32.683720 -1.977268 -81.044502 

Position: 32.683720 2.816776 -81.044502 

Position: 24.864407 2.816776 -81.044502 

Position: 32.683720 2.816776 -81.044502 

Position: 24.864407 2.816776 -83.627205 

Position: 24.864407 2.816776 -83.627205 

Position: 32.683720 2.816776 -81.044502 

Position: 32.683720 2.816776 -83.627205 

Position: 24.864407 2.816776 -83.627205 

Position: 32.683720 2.816776 -83.627205 

Position: 24.864407 -1.977268 -83.627205 

Position: 24.864407 -1.977268 -83.627205 

Position: 32.683720 2.816776 -83.627205 

Position: 32.683720 -1.977268 -83.627205 

Position: 24.864407 -1.977268 -83.627205 

Position: 32.683720 -1.977268 -83.627205 

Position: 24.864407 -1.977268 -81.044502 

Position: 24.864407 -1.977268 -81.044502 

Position: 32.683720 -1.977268 -83.627205 

Position: 32.683720 -1.977268 -81.044502 

Position: 32.683720 -1.977268 -81.044502 

Position: 32.683720 -1.977268 -83.627205 

Position: 32.683720 2.816776 -81.044502 

Position: 32.683720 2.816776 -81.044502 

Position: 32.683720 -1.977268 -83.627205 

Position: 32.683720 2.816776 -83.627205 

Position: 24.864407 -1.977268 -83.627205 

Position: 24.864407 -1.977268 -81.044502 

Position: 24.864407 2.816776 -83.627205 

Position: 24.864407 2.816776 -83.627205 

Position: 24.864407 -1.977268 -81.044502 

Position: 24.864407 2.816776 -81.044502 


Name of mesh: Room02Collision1                                                                                    
Vertex count: 36

Collision: 1
Static mesh: 1



Position: -40.000000 7.000000 -75.000000 

Position: -5.000000 7.000000 -75.000000 

Position: -5.000000 7.000000 -80.000000 

Position: -5.000000 7.000000 -80.000000 

Position: -40.000000 7.000000 -80.000000 

Position: -40.000000 7.000000 -75.000000 

Position: -40.000000 0.000000 -80.000000 

Position: -40.000000 0.000000 -75.000000 

Position: -40.000000 7.000000 -75.000000 

Position: -40.000000 7.000000 -75.000000 

Position: -40.000000 7.000000 -80.000000 

Position: -40.000000 0.000000 -80.000000 

Position: -40.000000 0.000000 -75.000000 

Position: -5.000000 0.000000 -75.000000 

Position: -5.000000 7.000000 -75.000000 

Position: -5.000000 7.000000 -75.000000 

Position: -40.000000 7.000000 -75.000000 

Position: -40.000000 0.000000 -75.000000 

Position: -5.000000 0.000000 -75.000000 

Position: -5.000000 0.000000 -80.000000 

Position: -5.000000 7.000000 -80.000000 

Position: -5.000000 7.000000 -80.000000 

Position: -5.000000 7.000000 -75.000000 

Position: -5.000000 0.000000 -75.000000 

Position: -5.000000 0.000000 -80.000000 

Position: -40.000000 0.000000 -80.000000 

Position: -40.000000 7.000000 -80.000000 

Position: -40.000000 7.000000 -80.000000 

Position: -5.000000 7.000000 -80.000000 

Position: -5.000000 0.000000 -80.000000 

Position: -5.000000 0.000000 -75.000000 

Position: -40.000000 0.000000 -75.000000 

Position: -5.000000 0.000000 -80.000000 

Position: -5.000000 0.000000 -80.000000 

Position: -40.000000 0.000000 -75.000000 

Position: -40.000000 0.000000 -80.000000 


Name of mesh: Room02Collision2                                                                                    
Vertex count: 36

Collision: 1
Static mesh: 1



Position: -40.000000 7.000000 -75.000000 

Position: -35.000000 7.000000 -75.000000 

Position: -35.000000 7.000000 -95.000000 

Position: -35.000000 7.000000 -95.000000 

Position: -40.000000 7.000000 -95.000000 

Position: -40.000000 7.000000 -75.000000 

Position: -40.000000 0.000000 -95.000000 

Position: -40.000000 0.000000 -75.000000 

Position: -40.000000 7.000000 -75.000000 

Position: -40.000000 7.000000 -75.000000 

Position: -40.000000 7.000000 -95.000000 

Position: -40.000000 0.000000 -95.000000 

Position: -40.000000 0.000000 -75.000000 

Position: -35.000000 0.000000 -75.000000 

Position: -35.000000 7.000000 -75.000000 

Position: -35.000000 7.000000 -75.000000 

Position: -40.000000 7.000000 -75.000000 

Position: -40.000000 0.000000 -75.000000 

Position: -35.000000 0.000000 -75.000000 

Position: -35.000000 0.000000 -95.000000 

Position: -35.000000 7.000000 -95.000000 

Position: -35.000000 7.000000 -95.000000 

Position: -35.000000 7.000000 -75.000000 

Position: -35.000000 0.000000 -75.000000 

Position: -35.000000 0.000000 -95.000000 

Position: -40.000000 0.000000 -95.000000 

Position: -40.000000 7.000000 -95.000000 

Position: -40.000000 7.000000 -95.000000 

Position: -35.000000 7.000000 -95.000000 

Position: -35.000000 0.000000 -95.000000 

Position: -40.000000 0.000000 -75.000000 

Position: -40.000000 0.000000 -95.000000 

Position: -35.000000 0.000000 -75.000000 

Position: -35.000000 0.000000 -75.000000 

Position: -40.000000 0.000000 -95.000000 

Position: -35.000000 0.000000 -95.000000 


Name of mesh: Room02Collision3                                                                                    
Vertex count: 36

Collision: 1
Static mesh: 1



Position: -40.000000 7.000000 -105.000000 

Position: -35.000000 7.000000 -105.000000 

Position: -35.000000 7.000000 -125.000000 

Position: -35.000000 7.000000 -125.000000 

Position: -40.000000 7.000000 -125.000000 

Position: -40.000000 7.000000 -105.000000 

Position: -40.000000 0.000000 -125.000000 

Position: -40.000000 0.000000 -105.000000 

Position: -40.000000 7.000000 -105.000000 

Position: -40.000000 7.000000 -105.000000 

Position: -40.000000 7.000000 -125.000000 

Position: -40.000000 0.000000 -125.000000 

Position: -40.000000 0.000000 -105.000000 

Position: -35.000000 0.000000 -105.000000 

Position: -35.000000 7.000000 -105.000000 

Position: -35.000000 7.000000 -105.000000 

Position: -40.000000 7.000000 -105.000000 

Position: -40.000000 0.000000 -105.000000 

Position: -35.000000 0.000000 -105.000000 

Position: -35.000000 0.000000 -125.000000 

Position: -35.000000 7.000000 -125.000000 

Position: -35.000000 7.000000 -125.000000 

Position: -35.000000 7.000000 -105.000000 

Position: -35.000000 0.000000 -105.000000 

Position: -35.000000 0.000000 -125.000000 

Position: -40.000000 0.000000 -125.000000 

Position: -40.000000 7.000000 -125.000000 

Position: -40.000000 7.000000 -125.000000 

Position: -35.000000 7.000000 -125.000000 

Position: -35.000000 0.000000 -125.000000 

Position: -40.000000 0.000000 -105.000000 

Position: -40.000000 0.000000 -125.000000 

Position: -35.000000 0.000000 -105.000000 

Position: -35.000000 0.000000 -105.000000 

Position: -40.000000 0.000000 -125.000000 

Position: -35.000000 0.000000 -125.000000 


Name of mesh: Room02Collision4                                                                                    
Vertex count: 36

Collision: 1
Static mesh: 1



Position: -40.000000 7.000000 -120.000000 

Position: 40.000000 7.000000 -120.000000 

Position: 40.000000 7.000000 -125.000000 

Position: 40.000000 7.000000 -125.000000 

Position: -40.000000 7.000000 -125.000000 

Position: -40.000000 7.000000 -120.000000 

Position: -40.000000 0.000000 -125.000000 

Position: -40.000000 0.000000 -120.000000 

Position: -40.000000 7.000000 -120.000000 

Position: -40.000000 7.000000 -120.000000 

Position: -40.000000 7.000000 -125.000000 

Position: -40.000000 0.000000 -125.000000 

Position: -40.000000 0.000000 -120.000000 

Position: 40.000000 0.000000 -120.000000 

Position: 40.000000 7.000000 -120.000000 

Position: 40.000000 7.000000 -120.000000 

Position: -40.000000 7.000000 -120.000000 

Position: -40.000000 0.000000 -120.000000 

Position: 40.000000 0.000000 -120.000000 

Position: 40.000000 0.000000 -125.000000 

Position: 40.000000 7.000000 -125.000000 

Position: 40.000000 7.000000 -125.000000 

Position: 40.000000 7.000000 -120.000000 

Position: 40.000000 0.000000 -120.000000 

Position: 40.000000 0.000000 -125.000000 

Position: -40.000000 0.000000 -125.000000 

Position: -40.000000 7.000000 -125.000000 

Position: -40.000000 7.000000 -125.000000 

Position: 40.000000 7.000000 -125.000000 

Position: 40.000000 0.000000 -125.000000 

Position: 40.000000 0.000000 -120.000000 

Position: -40.000000 0.000000 -120.000000 

Position: 40.000000 0.000000 -125.000000 

Position: 40.000000 0.000000 -125.000000 

Position: -40.000000 0.000000 -120.000000 

Position: -40.000000 0.000000 -125.000000 


Name of mesh: Room02Collision5                                                                                    
Vertex count: 36

Collision: 1
Static mesh: 1



Position: 35.000000 7.000000 -105.000000 

Position: 40.000000 7.000000 -105.000000 

Position: 40.000000 7.000000 -125.000000 

Position: 40.000000 7.000000 -125.000000 

Position: 35.000000 7.000000 -125.000000 

Position: 35.000000 7.000000 -105.000000 

Position: 35.000000 0.000000 -125.000000 

Position: 35.000000 0.000000 -105.000000 

Position: 35.000000 7.000000 -105.000000 

Position: 35.000000 7.000000 -105.000000 

Position: 35.000000 7.000000 -125.000000 

Position: 35.000000 0.000000 -125.000000 

Position: 35.000000 0.000000 -105.000000 

Position: 40.000000 0.000000 -105.000000 

Position: 40.000000 7.000000 -105.000000 

Position: 40.000000 7.000000 -105.000000 

Position: 35.000000 7.000000 -105.000000 

Position: 35.000000 0.000000 -105.000000 

Position: 40.000000 0.000000 -105.000000 

Position: 40.000000 0.000000 -125.000000 

Position: 40.000000 7.000000 -125.000000 

Position: 40.000000 7.000000 -125.000000 

Position: 40.000000 7.000000 -105.000000 

Position: 40.000000 0.000000 -105.000000 

Position: 40.000000 0.000000 -125.000000 

Position: 35.000000 0.000000 -125.000000 

Position: 35.000000 7.000000 -125.000000 

Position: 35.000000 7.000000 -125.000000 

Position: 40.000000 7.000000 -125.000000 

Position: 40.000000 0.000000 -125.000000 

Position: 35.000000 0.000000 -105.000000 

Position: 35.000000 0.000000 -125.000000 

Position: 40.000000 0.000000 -105.000000 

Position: 40.000000 0.000000 -105.000000 

Position: 35.000000 0.000000 -125.000000 

Position: 40.000000 0.000000 -125.000000 


Name of mesh: Room02Collision6                                                                                    
Vertex count: 36

Collision: 1
Static mesh: 1



Position: 5.000000 7.000000 -75.000000 

Position: 40.000000 7.000000 -75.000000 

Position: 40.000000 7.000000 -80.000000 

Position: 40.000000 7.000000 -80.000000 

Position: 5.000000 7.000000 -80.000000 

Position: 5.000000 7.000000 -75.000000 

Position: 5.000000 0.000000 -80.000000 

Position: 5.000000 0.000000 -75.000000 

Position: 5.000000 7.000000 -75.000000 

Position: 5.000000 7.000000 -75.000000 

Position: 5.000000 7.000000 -80.000000 

Position: 5.000000 0.000000 -80.000000 

Position: 5.000000 0.000000 -75.000000 

Position: 40.000000 0.000000 -75.000000 

Position: 40.000000 7.000000 -75.000000 

Position: 40.000000 7.000000 -75.000000 

Position: 5.000000 7.000000 -75.000000 

Position: 5.000000 0.000000 -75.000000 

Position: 40.000000 0.000000 -75.000000 

Position: 40.000000 0.000000 -80.000000 

Position: 40.000000 7.000000 -80.000000 

Position: 40.000000 7.000000 -80.000000 

Position: 40.000000 7.000000 -75.000000 

Position: 40.000000 0.000000 -75.000000 

Position: 40.000000 0.000000 -80.000000 

Position: 5.000000 0.000000 -80.000000 

Position: 5.000000 7.000000 -80.000000 

Position: 5.000000 7.000000 -80.000000 

Position: 40.000000 7.000000 -80.000000 

Position: 40.000000 0.000000 -80.000000 

Position: 40.000000 0.000000 -75.000000 

Position: 5.000000 0.000000 -75.000000 

Position: 40.000000 0.000000 -80.000000 

Position: 40.000000 0.000000 -80.000000 

Position: 5.000000 0.000000 -75.000000 

Position: 5.000000 0.000000 -80.000000 


Name of mesh: Room02Collision7                                                                                    
Vertex count: 36

Collision: 1
Static mesh: 1



Position: 35.000000 7.000000 -75.000000 

Position: 40.000000 7.000000 -75.000000 

Position: 40.000000 7.000000 -95.000000 

Position: 40.000000 7.000000 -95.000000 

Position: 35.000000 7.000000 -95.000000 

Position: 35.000000 7.000000 -75.000000 

Position: 35.000000 0.000000 -95.000000 

Position: 35.000000 0.000000 -75.000000 

Position: 35.000000 7.000000 -75.000000 

Position: 35.000000 7.000000 -75.000000 

Position: 35.000000 7.000000 -95.000000 

Position: 35.000000 0.000000 -95.000000 

Position: 35.000000 0.000000 -75.000000 

Position: 40.000000 0.000000 -75.000000 

Position: 40.000000 7.000000 -75.000000 

Position: 40.000000 7.000000 -75.000000 

Position: 35.000000 7.000000 -75.000000 

Position: 35.000000 0.000000 -75.000000 

Position: 40.000000 0.000000 -75.000000 

Position: 40.000000 0.000000 -95.000000 

Position: 40.000000 7.000000 -95.000000 

Position: 40.000000 7.000000 -95.000000 

Position: 40.000000 7.000000 -75.000000 

Position: 40.000000 0.000000 -75.000000 

Position: 40.000000 0.000000 -95.000000 

Position: 35.000000 0.000000 -95.000000 

Position: 35.000000 7.000000 -95.000000 

Position: 35.000000 7.000000 -95.000000 

Position: 40.000000 7.000000 -95.000000 

Position: 40.000000 0.000000 -95.000000 

Position: 35.000000 0.000000 -75.000000 

Position: 35.000000 0.000000 -95.000000 

Position: 40.000000 0.000000 -75.000000 

Position: 40.000000 0.000000 -75.000000 

Position: 35.000000 0.000000 -95.000000 

Position: 40.000000 0.000000 -95.000000 


